-7.568500000000000227e+02 -4.593999999999999773e+01 3.139599999999999795e+02 2.403999999999999915e+01 0.000000000000000000e+00 -2.601700000000000159e+02 4.004300000000000068e+02 9.587799999999999727e+02 -1.580000000000000071e+00 -1.844099999999999966e+02
1.910399999999999920e+02 3.471999999999999886e+01 2.194199999999999875e+02 -3.200000000000000067e-01 0.000000000000000000e+00 -3.310000000000000053e+00 4.437799999999999727e+02 2.961200000000000045e+02 -7.909999999999999432e+01 1.976800000000000068e+02
9.205700000000000500e+02 5.868999999999999773e+01 8.560000000000000497e+00 -2.046399999999999864e+02 0.000000000000000000e+00 -2.324000000000000057e+02 -6.160999999999999943e+01 -1.442999999999999972e+01 3.141000000000000014e+01 2.807099999999999795e+02
3.668399999999999750e+02 3.206000000000000227e+01 -2.767599999999999909e+02 4.088000000000000256e+01 0.000000000000000000e+00 -1.060300000000000011e+02 -3.144000000000000128e+01 -4.866800000000000068e+02 1.331299999999999955e+02 0.000000000000000000e+00
-5.339099999999999682e+02 -3.789999999999999858e+01 -1.013400000000000034e+02 1.939099999999999966e+02 0.000000000000000000e+00 5.340700000000000500e+02 8.440999999999999659e+01 -5.094499999999999886e+02 1.002300000000000040e+02 -6.635099999999999909e+02
-6.983799999999999955e+02 -4.946000000000000085e+01 1.855800000000000125e+02 7.581000000000000227e+01 0.000000000000000000e+00 3.558999999999999773e+02 -4.190400000000000205e+02 2.780600000000000023e+02 -3.111600000000000250e+02 -1.091630000000000109e+03
-8.615999999999999659e+01 -2.475000000000000000e+01 -3.406999999999999886e+02 -4.220000000000000284e+01 0.000000000000000000e+00 -3.402799999999999727e+02 -4.921000000000000085e+01 4.734100000000000250e+02 1.222199999999999989e+02 0.000000000000000000e+00
5.879600000000000364e+02 -7.337999999999999545e+01 -9.544400000000000546e+02 -2.189900000000000091e+02 0.000000000000000000e+00 2.714000000000000057e+01 6.047100000000000364e+02 -1.784000000000000057e+02 1.419099999999999966e+02 2.355300000000000011e+02
2.733999999999999773e+02 9.904000000000000625e+01 -5.856799999999999500e+02 1.170000000000000000e+02 0.000000000000000000e+00 -4.499399999999999977e+02 1.298100000000000023e+02 -7.445999999999999375e+01 -1.380999999999999943e+02 1.801200000000000045e+02
-1.419199999999999875e+02 1.657000000000000028e+01 -3.241899999999999977e+02 9.984999999999999432e+01 0.000000000000000000e+00 -1.726200000000000045e+02 -6.231699999999999591e+02 3.148999999999999844e+01 1.851899999999999977e+02 1.445800000000000125e+02
-2.187700000000000102e+02 -3.236999999999999744e+01 -9.073000000000000398e+01 1.947899999999999920e+02 0.000000000000000000e+00 3.878700000000000045e+02 5.492500000000000000e+02 3.701299999999999955e+02 -2.101000000000000156e+01 -1.888100000000000023e+02
-2.248100000000000023e+02 -5.099999999999999645e+00 -1.459300000000000068e+02 -2.060300000000000011e+02 0.000000000000000000e+00 7.759500000000000455e+02 -5.224500000000000455e+02 7.201000000000000512e+01 -2.480099999999999909e+02 -7.718200000000000500e+02
2.412999999999999901e+01 -2.350000000000000000e+01 -5.298400000000000318e+02 -1.303700000000000045e+02 0.000000000000000000e+00 3.081100000000000136e+02 -2.607400000000000091e+02 -4.506399999999999864e+02 1.493199999999999932e+02 -8.406999999999999318e+01
3.952300000000000182e+02 -1.865600000000000023e+02 -6.157999999999999829e+01 1.291999999999999886e+02 0.000000000000000000e+00 -1.975500000000000000e+03 5.390700000000000500e+02 -1.286299999999999955e+02 -9.456000000000000227e+01 7.917000000000000455e+02
3.882400000000000091e+02 1.231700000000000017e+02 3.254999999999999716e+01 1.049699999999999989e+02 0.000000000000000000e+00 -6.262400000000000091e+02 -1.776699999999999875e+02 4.097999999999999687e+01 -1.335800000000000125e+02 8.134999999999999432e+01
-4.527699999999999818e+02 1.409499999999999886e+02 5.786900000000000546e+02 -7.146999999999999886e+01 0.000000000000000000e+00 8.784700000000000273e+02 1.436599999999999966e+02 -4.790799999999999841e+02 -3.757000000000000028e+01 -6.342000000000000171e+01
-6.427999999999999545e+02 -1.941000000000000014e+01 3.545500000000000114e+02 -1.441200000000000045e+02 0.000000000000000000e+00 1.809869999999999891e+03 -5.882799999999999727e+02 7.641000000000000227e+02 2.300800000000000125e+02 -1.145799999999999983e+02
1.206899999999999977e+02 -1.593899999999999864e+02 5.799999999999999600e-01 4.790999999999999659e+01 0.000000000000000000e+00 1.710600000000000023e+02 4.146899999999999977e+02 4.514300000000000068e+02 -6.779000000000000625e+01 -4.626000000000000227e+02
5.869400000000000546e+02 -6.456000000000000227e+01 -1.510999999999999943e+01 -1.889399999999999977e+02 0.000000000000000000e+00 -2.296639999999999873e+03 4.170699999999999932e+02 -8.578099999999999454e+02 -2.647900000000000205e+02 4.541800000000000068e+02
3.244300000000000068e+02 2.160600000000000023e+02 1.780300000000000011e+02 1.880600000000000023e+02 0.000000000000000000e+00 -1.216269999999999982e+03 2.878899999999999864e+02 5.457999999999999829e+01 -2.410999999999999943e+01 3.589499999999999886e+02
-2.770400000000000205e+02 -1.393100000000000023e+02 2.821000000000000227e+02 1.713899999999999864e+02 0.000000000000000000e+00 1.703359999999999900e+03 -8.255700000000000500e+02 -6.046599999999999682e+02 3.872999999999999687e+01 1.319300000000000068e+02
-2.875500000000000114e+02 -1.022500000000000000e+02 1.100999999999999943e+02 -2.514699999999999989e+02 0.000000000000000000e+00 1.157650000000000091e+03 9.212000000000000455e+01 -3.397999999999999687e+01 1.933300000000000125e+02 -1.934000000000000057e+02
-5.557999999999999829e+01 5.557000000000000028e+01 2.335000000000000142e+01 -5.906000000000000227e+01 0.000000000000000000e+00 -1.536299999999999955e+02 9.910999999999999943e+01 1.322059999999999945e+03 2.550399999999999920e+02 -4.906499999999999773e+02
5.817999999999999972e+01 -2.533199999999999932e+02 -2.046500000000000057e+02 3.554700000000000273e+02 0.000000000000000000e+00 -2.415699999999999932e+02 2.072299999999999898e+02 1.224099999999999966e+02 -1.192800000000000011e+02 -1.592700000000000102e+02
1.642100000000000080e+02 -2.004399999999999977e+02 -1.721500000000000057e+02 1.315699999999999932e+02 0.000000000000000000e+00 -1.135470000000000027e+03 5.771499999999999773e+02 -7.071000000000000227e+02 -1.665999999999999943e+02 2.416299999999999955e+02
1.072999999999999972e+02 2.255000000000000000e+02 5.107999999999999829e+01 -2.454300000000000068e+02 0.000000000000000000e+00 8.409000000000000341e+01 -8.481100000000000136e+02 -4.697200000000000273e+02 -5.193999999999999773e+01 5.506000000000000227e+02
-1.416999999999999993e+01 3.169499999999999886e+02 2.909100000000000250e+02 -2.166999999999999886e+02 0.000000000000000000e+00 9.309000000000000341e+01 -9.815999999999999659e+01 8.171999999999999886e+01 1.061500000000000057e+02 0.000000000000000000e+00
-1.112699999999999960e+02 -6.956000000000000227e+01 8.810000000000000497e+00 1.873000000000000114e+02 0.000000000000000000e+00 6.331599999999999682e+02 -1.592700000000000102e+02 7.775000000000000000e+01 3.843999999999999773e+01 -3.789399999999999977e+02
-5.975999999999999801e+01 -1.073000000000000043e+01 -3.481600000000000250e+02 3.185699999999999932e+02 0.000000000000000000e+00 8.446100000000000136e+02 5.468899999999999864e+02 1.079000000000000000e+03 6.429999999999999716e+01 -4.442099999999999795e+02
-3.014000000000000057e+01 3.864399999999999977e+02 -4.482000000000000028e+01 -7.420000000000000284e+01 2.729999999999999982e+00 -1.100700000000000045e+03 4.871899999999999977e+02 6.240000000000000213e+00 -9.832999999999999829e+01 2.986899999999999977e+02
1.412100000000000080e+02 4.171999999999999886e+01 2.985999999999999943e+01 -2.696299999999999955e+02 -1.318999999999999950e+01 -1.129049999999999955e+03 -5.392799999999999727e+02 -1.282319999999999936e+03 -5.934000000000000341e+01 2.735600000000000023e+02
-2.851000000000000156e+01 9.779000000000000625e+01 -2.654599999999999795e+02 -7.109999999999999432e+01 1.422000000000000064e+01 -1.031800000000000068e+02 -3.753500000000000227e+02 4.949800000000000182e+02 3.519200000000000159e+02 2.041800000000000068e+02
-2.843600000000000136e+02 -1.601000000000000156e+01 -1.216700000000000017e+02 8.776000000000000512e+01 0.000000000000000000e+00 1.760160000000000082e+03 -5.950000000000000000e+01 -3.502400000000000091e+02 -1.127600000000000051e+02 2.313199999999999932e+02
5.965999999999999659e+01 -1.152099999999999937e+02 -7.431999999999999318e+01 1.217199999999999989e+02 0.000000000000000000e+00 1.099800000000000040e+02 4.722599999999999909e+02 -1.010000000000000009e+00 -7.679000000000000625e+01 -1.311299999999999955e+02
1.457400000000000091e+02 5.314299999999999500e+02 3.882599999999999909e+02 1.927800000000000011e+02 0.000000000000000000e+00 -5.490000000000000000e+02 -1.050999999999999979e+01 5.032400000000000091e+02 -1.823700000000000045e+02 -2.269000000000000128e+01
-6.267999999999999972e+01 -5.152599999999999909e+02 3.861999999999999744e+01 -1.926800000000000068e+02 0.000000000000000000e+00 -1.011710000000000036e+03 4.507699999999999818e+02 3.032300000000000182e+02 1.894000000000000057e+02 2.819000000000000128e+01
1.298000000000000043e+01 9.354500000000000455e+02 1.330200000000000102e+02 -7.728000000000000114e+01 0.000000000000000000e+00 2.712000000000000099e+01 -4.414200000000000159e+02 -1.079119999999999891e+03 6.381000000000000227e+01 5.171900000000000546e+02
1.262199999999999989e+02 -1.338980000000000018e+03 5.572500000000000000e+02 1.024200000000000017e+02 0.000000000000000000e+00 6.005000000000000000e+02 -6.921900000000000546e+02 -2.654200000000000159e+02 1.186899999999999977e+02 1.331999999999999886e+02
9.181000000000000227e+01 3.251700000000000159e+02 9.759999999999999432e+01 -1.220100000000000051e+02 0.000000000000000000e+00 4.397300000000000182e+02 2.680000000000000000e+02 1.050420000000000073e+03 -7.098999999999999773e+02 2.235200000000000102e+02
6.904000000000000625e+01 -3.093100000000000023e+02 4.124300000000000068e+02 1.242800000000000011e+02 0.000000000000000000e+00 -7.229000000000000625e+01 5.796699999999999591e+02 6.534299999999999500e+02 3.827699999999999818e+02 -1.707269999999999982e+03
-9.385499999999999545e+02 3.462200000000000273e+02 -1.081899999999999977e+02 -3.137900000000000205e+02 0.000000000000000000e+00 -3.954100000000000250e+02 -5.357000000000000028e+01 -9.380000000000000000e+02 3.379900000000000091e+02 4.169100000000000250e+02
7.126499999999999773e+02 -1.532400000000000091e+02 1.263519999999999982e+03 4.951299999999999955e+02 0.000000000000000000e+00 -4.782200000000000273e+02 -3.231100000000000136e+02 -4.504100000000000250e+02 -1.577500000000000000e+02 0.000000000000000000e+00
2.697900000000000205e+02 -1.366599999999999966e+02 2.904700000000000273e+02 -3.100199999999999818e+02 0.000000000000000000e+00 -4.489000000000000057e+01 -2.155699999999999932e+02 -4.146000000000000227e+02 -2.221999999999999886e+01 6.338400000000000318e+02
-1.363799999999999955e+02 1.821299999999999955e+02 3.465999999999999659e+01 2.121399999999999864e+02 0.000000000000000000e+00 9.011900000000000546e+02 2.432599999999999909e+02 1.211500000000000000e+03 -1.564399999999999977e+02 -8.740599999999999454e+02
-1.462100000000000080e+02 2.675000000000000000e+01 3.316200000000000045e+02 -2.294900000000000091e+02 0.000000000000000000e+00 2.728100000000000023e+02 -7.926000000000000512e+01 1.889199999999999875e+02 -3.752000000000000313e+01 -8.864500000000000455e+02
4.989900000000000091e+02 1.174500000000000028e+02 -4.984000000000000341e+01 -1.784900000000000091e+02 0.000000000000000000e+00 -5.410399999999999636e+02 3.921999999999999886e+02 -8.330000000000000000e+02 -1.392700000000000102e+02 4.459599999999999795e+02
-6.899800000000000182e+02 -4.969100000000000250e+02 3.522699999999999818e+02 4.735000000000000142e+01 0.000000000000000000e+00 -6.510700000000000500e+02 -2.472199999999999989e+02 -2.370000000000000107e+00 4.279700000000000273e+02 8.113999999999999773e+02
-2.762200000000000273e+02 1.210199999999999960e+02 4.640400000000000205e+02 3.526999999999999886e+02 0.000000000000000000e+00 1.350399999999999920e+02 -1.579300000000000068e+02 2.221200000000000045e+02 -2.859800000000000182e+02 2.578999999999999915e+01
2.773600000000000136e+02 5.241299999999999955e+02 4.011000000000000227e+02 -1.782000000000000028e+01 0.000000000000000000e+00 6.359299999999999500e+02 1.476500000000000057e+02 8.250000000000000000e+01 -2.325200000000000102e+02 -1.014950000000000045e+03
4.154100000000000250e+02 -8.004000000000000625e+01 8.980000000000000426e+00 1.233999999999999986e+01 0.000000000000000000e+00 -7.118700000000000045e+02 2.657000000000000028e+01 4.929100000000000250e+02 1.384099999999999966e+02 5.568999999999999773e+01
-1.092300000000000040e+02 -4.955600000000000023e+02 7.190599999999999454e+02 -3.805199999999999818e+02 0.000000000000000000e+00 1.662000000000000099e+01 3.605400000000000205e+02 1.071899999999999977e+02 4.488000000000000256e+01 -7.384999999999999432e+01
-5.226599999999999682e+02 -8.623000000000000398e+01 6.297899999999999636e+02 -1.421000000000000085e+01 0.000000000000000000e+00 3.084700000000000273e+02 -5.767599999999999909e+02 -3.930400000000000205e+02 -2.548600000000000136e+02 0.000000000000000000e+00
1.523799999999999955e+02 -6.628000000000000114e+01 1.165900000000000034e+02 3.642300000000000182e+02 0.000000000000000000e+00 -1.046000000000000085e+01 6.327300000000000182e+02 -8.695000000000000000e+02 3.338899999999999864e+02 -4.698299999999999841e+02
3.445799999999999841e+02 1.411999999999999886e+02 1.949199999999999875e+02 -2.479199999999999875e+02 0.000000000000000000e+00 1.507299999999999898e+02 -6.756599999999999682e+02 2.777799999999999727e+02 3.457900000000000205e+02 -3.623999999999999773e+02
4.196299999999999955e+02 -9.970000000000000639e+00 8.131599999999999682e+02 -5.739999999999999858e+01 0.000000000000000000e+00 -6.910000000000000000e+02 -5.111299999999999955e+02 1.047970000000000027e+03 -2.433199999999999932e+02 6.808700000000000045e+02
-5.220800000000000409e+02 1.815500000000000114e+02 5.176499999999999773e+02 3.788000000000000256e+01 0.000000000000000000e+00 -3.839000000000000057e+01 8.316299999999999955e+02 -3.906800000000000068e+02 2.837699999999999818e+02 4.865999999999999659e+01
-2.004199999999999875e+02 -9.440000000000000568e+01 3.286700000000000159e+02 6.220000000000000284e+01 0.000000000000000000e+00 2.143799999999999955e+02 2.603899999999999864e+02 -7.498899999999999864e+02 2.201999999999999886e+02 -3.795000000000000000e+02
5.299500000000000455e+02 -4.486999999999999744e+01 -2.153300000000000125e+02 2.207599999999999909e+02 0.000000000000000000e+00 7.197100000000000364e+02 2.028999999999999915e+01 2.962799999999999727e+02 8.187000000000000455e+01 1.890300000000000011e+02
6.225000000000000000e+01 -1.919000000000000128e+01 7.360999999999999943e+01 -3.794399999999999977e+02 0.000000000000000000e+00 6.118700000000000045e+02 -3.983500000000000227e+02 8.792000000000000171e+01 -3.453000000000000114e+02 1.190600000000000023e+02
-4.236000000000000227e+02 1.138400000000000034e+02 1.823300000000000125e+02 -1.545000000000000000e+02 0.000000000000000000e+00 -9.770000000000000000e+02 -5.789199999999999591e+02 -1.141000000000000014e+01 -2.005999999999999872e+01 2.892000000000000171e+01
-3.195699999999999932e+02 -2.759999999999999787e+00 -1.247999999999999972e+02 4.822699999999999818e+02 0.000000000000000000e+00 -1.650349999999999909e+03 4.403100000000000023e+02 -2.406200000000000045e+02 -1.119200000000000017e+02 0.000000000000000000e+00
-6.050999999999999801e+01 5.015999999999999659e+01 -1.563300000000000125e+02 1.006700000000000017e+02 0.000000000000000000e+00 1.221829999999999927e+03 8.360299999999999727e+02 5.535599999999999454e+02 2.804200000000000159e+02 1.969699999999999989e+02
3.612099999999999795e+02 -2.430099999999999909e+02 -4.303700000000000045e+02 -7.729000000000000625e+01 0.000000000000000000e+00 9.936799999999999500e+02 -3.825500000000000114e+02 9.173999999999999488e+01 -1.797299999999999898e+02 4.712900000000000205e+02
2.873899999999999864e+02 -2.775199999999999818e+02 -1.201500000000000057e+02 -2.089399999999999977e+02 0.000000000000000000e+00 -3.475500000000000114e+02 -7.138600000000000136e+02 4.653999999999999915e+01 2.629999999999999893e+00 -1.960200000000000102e+02
-9.409999999999999432e+01 6.219700000000000273e+02 -9.534999999999999432e+01 6.335000000000000142e+01 0.000000000000000000e+00 -5.612799999999999727e+02 4.124900000000000091e+02 -6.267500000000000000e+02 -6.959000000000000341e+01 -5.925999999999999801e+01
-1.967700000000000102e+02 -8.371999999999999886e+01 -1.148900000000000006e+02 2.138100000000000023e+02 0.000000000000000000e+00 -5.232400000000000091e+02 -6.095000000000000284e+01 4.263000000000000114e+02 -2.628999999999999773e+02 -2.866399999999999864e+02
-1.587899999999999920e+02 -4.277400000000000091e+02 -1.238199999999999932e+02 -1.865399999999999920e+02 0.000000000000000000e+00 2.330699999999999932e+02 -2.127299999999999898e+02 -3.497300000000000182e+02 2.803799999999999955e+02 4.026399999999999864e+02
1.447299999999999898e+02 5.549199999999999591e+02 9.593000000000000682e+01 -2.088000000000000114e+02 0.000000000000000000e+00 8.191799999999999500e+02 4.681399999999999864e+02 -1.868400000000000034e+02 7.848999999999999488e+01 2.056299999999999955e+02
3.683399999999999750e+02 -3.586999999999999744e+01 1.146500000000000057e+02 1.784499999999999886e+02 0.000000000000000000e+00 -1.579099999999999966e+02 3.691499999999999773e+02 2.876100000000000136e+02 -5.529999999999999716e+01 -1.289199999999999875e+02
-4.200000000000000178e+00 -4.685400000000000205e+02 1.152699999999999960e+02 1.292100000000000080e+02 0.000000000000000000e+00 4.044599999999999795e+02 -3.303899999999999864e+02 -1.842199999999999989e+02 -2.543100000000000023e+02 9.581999999999999318e+01
-2.447199999999999989e+02 2.505600000000000023e+02 -3.918600000000000136e+02 1.000199999999999960e+02 0.000000000000000000e+00 -3.793199999999999932e+02 1.071899999999999977e+02 3.106299999999999955e+02 -6.620999999999999375e+01 1.629499999999999886e+02
-2.367999999999999972e+01 1.610600000000000023e+02 5.717999999999999972e+01 -3.731800000000000068e+02 0.000000000000000000e+00 -1.274269999999999982e+03 -4.508600000000000136e+02 2.843199999999999932e+02 2.040000000000000000e+02 -9.266200000000000045e+02
-2.329000000000000057e+02 -1.499300000000000068e+02 5.977500000000000000e+02 7.476000000000000512e+01 0.000000000000000000e+00 4.311899999999999977e+02 -2.660699999999999932e+02 -7.501000000000000512e+01 8.887000000000000455e+01 3.470000000000000000e+02
3.789999999999999858e+01 -8.403000000000000114e+01 2.589999999999999858e+01 6.211499999999999773e+02 0.000000000000000000e+00 7.404800000000000182e+02 8.175399999999999636e+02 -9.953300000000000409e+02 -7.078000000000000114e+01 2.417400000000000091e+02
2.405300000000000011e+02 -9.664000000000000057e+01 3.628999999999999915e+01 -2.383899999999999864e+02 0.000000000000000000e+00 2.613199999999999932e+02 4.647200000000000273e+02 6.853099999999999454e+02 -2.671999999999999886e+01 -1.592400000000000091e+02
8.364000000000000057e+01 2.693399999999999750e+02 3.937500000000000000e+02 -5.788200000000000500e+02 0.000000000000000000e+00 -1.240730000000000018e+03 -1.301480000000000018e+03 1.762700000000000102e+02 -2.563999999999999773e+02 1.282000000000000028e+01
2.039000000000000057e+01 -1.039899999999999949e+02 3.311700000000000159e+02 1.067800000000000011e+02 0.000000000000000000e+00 1.708000000000000114e+02 -6.343500000000000227e+02 -5.299600000000000364e+02 -4.890999999999999659e+01 1.329900000000000091e+02
-1.377100000000000080e+02 -1.239699999999999989e+02 4.613000000000000256e+01 2.094900000000000091e+02 0.000000000000000000e+00 5.826499999999999773e+02 7.365599999999999454e+02 6.829900000000000091e+02 8.093000000000000682e+01 0.000000000000000000e+00
-7.264000000000000057e+01 8.026999999999999602e+01 6.475000000000000000e+01 -7.331000000000000227e+01 0.000000000000000000e+00 1.340000000000000000e+02 8.557500000000000000e+02 -2.127599999999999909e+02 -7.234999999999999432e+01 -4.050699999999999932e+02
1.168199999999999932e+02 -4.453999999999999915e+01 -1.358799999999999955e+02 -8.518000000000000682e+01 0.000000000000000000e+00 4.389999999999999858e+01 2.608899999999999864e+02 -1.116400000000000091e+03 3.009100000000000250e+02 4.243999999999999773e+01
4.982999999999999829e+01 7.865999999999999659e+01 -2.216000000000000014e+01 7.110999999999999943e+01 0.000000000000000000e+00 -4.336299999999999955e+02 -3.841399999999999864e+02 4.783000000000000114e+02 -3.992999999999999972e+01 1.019769999999999982e+03
2.457700000000000102e+02 3.454999999999999716e+01 -3.611899999999999977e+02 4.595899999999999750e+02 0.000000000000000000e+00 -3.725899999999999750e+02 -9.908799999999999955e+02 4.079900000000000091e+02 -3.188000000000000114e+02 2.021000000000000085e+01
-1.005900000000000034e+02 -7.226999999999999602e+01 -3.987699999999999818e+02 -1.763400000000000034e+02 0.000000000000000000e+00 8.414299999999999500e+02 -2.214300000000000068e+02 2.588199999999999932e+02 8.265999999999999659e+01 -7.032699999999999818e+02
-4.307099999999999795e+02 -2.998000000000000043e+01 -1.386999999999999886e+02 -2.733199999999999932e+02 0.000000000000000000e+00 -7.846999999999999886e+01 1.642210000000000036e+03 -3.713899999999999864e+02 1.241099999999999994e+02 -3.146000000000000227e+02
-8.454999999999999716e+01 -1.018199999999999932e+02 -6.863300000000000409e+02 -1.293000000000000114e+02 0.000000000000000000e+00 7.959000000000000341e+01 -1.158000000000000007e+01 -6.539900000000000091e+02 2.312400000000000091e+02 -1.983799999999999955e+02
1.907599999999999909e+02 1.223599999999999994e+02 -4.334800000000000182e+02 3.137500000000000000e+02 0.000000000000000000e+00 -2.705899999999999750e+02 -7.447200000000000273e+02 4.656399999999999864e+02 -5.585999999999999943e+01 5.682000000000000455e+02
3.218799999999999955e+02 -5.181000000000000227e+01 -7.812599999999999909e+02 3.695099999999999909e+02 0.000000000000000000e+00 -6.236000000000000227e+02 -3.484499999999999886e+02 8.112400000000000091e+02 1.173400000000000034e+02 9.436499999999999773e+02
-2.426500000000000057e+02 1.125100000000000051e+02 -8.192100000000000364e+02 -2.374799999999999898e+02 0.000000000000000000e+00 -1.555999999999999943e+02 -5.484000000000000341e+01 6.823000000000000398e+01 1.252800000000000011e+02 -7.450000000000000000e+02
-1.279099999999999966e+02 -2.373999999999999844e+01 -6.976900000000000546e+02 -3.729100000000000250e+02 0.000000000000000000e+00 9.130099999999999909e+02 8.317000000000000171e+01 -5.818799999999999955e+02 -7.754000000000000625e+01 -8.903700000000000045e+02
-7.114000000000000057e+01 -5.097999999999999687e+01 -7.752500000000000000e+02 -1.178900000000000006e+02 0.000000000000000000e+00 1.001970000000000027e+03 8.767699999999999818e+02 -3.687900000000000205e+02 -2.655000000000000071e+01 -3.541600000000000250e+02
-1.617999999999999972e+01 -2.622400000000000091e+02 -1.126259999999999991e+03 1.569799999999999898e+02 0.000000000000000000e+00 -6.647799999999999727e+02 -2.400600000000000023e+02 1.021800000000000068e+02 -5.028999999999999915e+01 8.776100000000000136e+02
8.360999999999999943e+01 4.438000000000000256e+01 -7.505800000000000409e+02 4.074800000000000182e+02 0.000000000000000000e+00 -1.555089999999999918e+03 -2.411100000000000136e+02 -4.059000000000000341e+01 -1.280200000000000102e+02 7.887000000000000455e+02
4.126299999999999955e+02 2.019099999999999966e+02 -3.461100000000000136e+02 1.780999999999999872e+01 0.000000000000000000e+00 -2.827300000000000182e+02 -9.996599999999999682e+02 7.076399999999999864e+02 -1.049800000000000040e+02 -3.316499999999999773e+02
-9.459999999999999432e+01 1.435900000000000034e+02 -3.744399999999999977e+02 -6.979400000000000546e+02 0.000000000000000000e+00 1.368240000000000009e+03 4.183899999999999864e+02 -2.171000000000000085e+01 1.457800000000000011e+02 -1.057800000000000011e+02
-4.486000000000000227e+02 -3.492999999999999972e+01 -6.113200000000000500e+02 -1.578300000000000125e+02 0.000000000000000000e+00 7.163600000000000136e+02 8.719099999999999682e+02 -1.221940000000000055e+03 6.304999999999999716e+01 1.401999999999999886e+02
-7.084999999999999432e+01 -2.628700000000000045e+02 -7.574700000000000273e+02 7.317100000000000364e+02 0.000000000000000000e+00 -2.546399999999999864e+02 -2.941000000000000014e+01 -1.396800000000000068e+02 6.045000000000000284e+01 3.981000000000000227e+02
5.051000000000000227e+02 -5.542999999999999972e+01 -1.606399999999999864e+02 4.160799999999999841e+02 0.000000000000000000e+00 -9.870800000000000409e+02 -1.631299999999999955e+02 1.038210000000000036e+03 -1.733600000000000136e+02 5.161999999999999744e+01
1.528799999999999955e+02 3.760600000000000023e+02 -1.783499999999999943e+02 -2.592200000000000273e+02 0.000000000000000000e+00 -1.378799999999999955e+03 -3.407200000000000273e+02 2.763199999999999932e+02 -2.922599999999999909e+02 -1.105000000000000071e+01
-3.869599999999999795e+02 -1.159999999999999964e+01 -5.906200000000000045e+02 -6.636699999999999591e+02 0.000000000000000000e+00 9.357200000000000273e+02 -4.593899999999999864e+02 -6.650499999999999545e+02 4.736200000000000045e+02 -4.980299999999999727e+02
-3.242400000000000091e+02 -1.322899999999999920e+02 -1.343400000000000034e+02 -8.756000000000000227e+01 0.000000000000000000e+00 1.721869999999999891e+03 2.770099999999999909e+02 -4.252099999999999795e+02 4.186999999999999744e+01 -9.835599999999999454e+02
1.236299999999999955e+02 -1.212800000000000011e+02 -1.477999999999999936e+01 3.276299999999999955e+02 0.000000000000000000e+00 -5.485000000000000142e+01 1.077279999999999973e+03 1.317299999999999898e+02 1.169399999999999977e+02 2.117999999999999972e+01
4.866999999999999886e+02 -2.646000000000000085e+01 -1.811100000000000136e+02 4.949499999999999886e+02 0.000000000000000000e+00 -3.059300000000000068e+02 -2.649399999999999977e+02 8.163899999999999864e+02 -6.710999999999999943e+01 6.442999999999999545e+02
-1.778999999999999915e+01 1.402999999999999936e+01 -2.793899999999999864e+02 4.178999999999999915e+01 0.000000000000000000e+00 -1.337480000000000018e+03 -9.037500000000000000e+02 4.703500000000000227e+02 -2.522899999999999920e+02 8.509999999999999787e+00
-3.027699999999999818e+02 1.696299999999999955e+02 -7.012000000000000455e+01 -5.444700000000000273e+02 0.000000000000000000e+00 -6.165999999999999659e+01 -1.055300000000000011e+02 -6.758200000000000500e+02 1.158199999999999932e+02 -1.340600000000000023e+02
4.709999999999999964e+00 3.850000000000000089e+00 -5.736900000000000546e+02 -3.015799999999999841e+02 0.000000000000000000e+00 2.285800000000000125e+02 2.892400000000000091e+02 -9.205800000000000409e+02 -1.513000000000000078e+01 -6.243300000000000409e+02
1.025000000000000000e+01 8.817000000000000171e+01 -3.746100000000000136e+02 3.317999999999999972e+01 0.000000000000000000e+00 9.346799999999999500e+02 3.576800000000000068e+02 4.533799999999999955e+02 2.750199999999999818e+02 -1.727100000000000080e+02
2.957000000000000028e+01 -1.807500000000000000e+02 7.025000000000000000e+01 4.151000000000000227e+02 0.000000000000000000e+00 1.174789999999999964e+03 3.414599999999999795e+02 7.123899999999999864e+02 1.682899999999999920e+02 2.104300000000000068e+02
2.212999999999999901e+01 -1.094099999999999966e+02 1.478100000000000023e+02 3.747099999999999795e+02 0.000000000000000000e+00 -1.488309999999999945e+03 -5.454900000000000091e+02 -3.542699999999999818e+02 -2.425900000000000034e+02 0.000000000000000000e+00
3.569499999999999886e+02 1.242500000000000000e+02 2.510099999999999909e+02 2.962999999999999901e+01 0.000000000000000000e+00 -1.315170000000000073e+03 -4.273000000000000114e+02 2.666800000000000068e+02 6.080000000000000071e+00 0.000000000000000000e+00
-1.633499999999999943e+02 1.995200000000000102e+02 3.014000000000000057e+01 -7.359800000000000182e+02 0.000000000000000000e+00 1.913000000000000114e+02 7.040099999999999909e+02 -5.985299999999999727e+02 -7.145999999999999375e+01 0.000000000000000000e+00
-4.355299999999999727e+02 -4.435999999999999943e+01 2.023000000000000114e+02 -2.844499999999999886e+02 0.000000000000000000e+00 1.337250000000000000e+03 3.178799999999999955e+02 7.759999999999999432e+01 1.334399999999999977e+02 0.000000000000000000e+00
4.764999999999999858e+01 -2.872200000000000273e+02 4.368700000000000045e+02 5.098100000000000023e+02 0.000000000000000000e+00 4.931899999999999977e+02 -2.548300000000000125e+02 -1.385699999999999932e+02 -1.000000000000000000e+00 0.000000000000000000e+00
5.182899999999999636e+02 1.655300000000000011e+02 2.359499999999999886e+02 6.901100000000000136e+02 0.000000000000000000e+00 -6.265000000000000000e+02 -2.081999999999999886e+02 4.701700000000000159e+02 3.835999999999999943e+01 0.000000000000000000e+00
-5.596999999999999886e+01 4.320000000000000284e+00 3.269200000000000159e+02 -4.028999999999999773e+02 0.000000000000000000e+00 -7.761499999999999773e+02 2.655500000000000114e+02 2.045000000000000000e+02 -2.332999999999999829e+01 0.000000000000000000e+00
-1.902100000000000080e+02 -9.151999999999999602e+01 4.461700000000000159e+02 -5.850199999999999818e+02 0.000000000000000000e+00 3.911999999999999886e+02 -3.228799999999999955e+02 3.011800000000000068e+02 -1.315800000000000125e+02 4.390999999999999659e+01
-2.424099999999999966e+02 9.081999999999999318e+01 2.990600000000000023e+02 -7.620000000000000107e+00 0.000000000000000000e+00 1.197800000000000011e+02 9.354999999999999716e+01 -9.222500000000000000e+02 3.629999999999999716e+01 -5.787599999999999909e+02
-6.856999999999999318e+01 -1.828000000000000114e+01 2.336999999999999886e+02 3.159399999999999977e+02 0.000000000000000000e+00 -5.064200000000000159e+02 -2.362000000000000099e+01 -1.157750000000000000e+03 -1.101299999999999955e+02 -3.342799999999999727e+02
3.928299999999999841e+02 -6.535999999999999943e+01 3.505099999999999909e+02 3.035999999999999943e+01 0.000000000000000000e+00 7.928799999999999955e+02 -4.841499999999999773e+02 1.008259999999999991e+03 1.109800000000000040e+02 5.264600000000000364e+02
4.212799999999999727e+02 -1.894999999999999929e+01 4.825099999999999909e+02 -8.526999999999999602e+01 0.000000000000000000e+00 4.409100000000000250e+02 2.791000000000000227e+02 1.322069999999999936e+03 1.064000000000000057e+02 7.590999999999999659e+01
-3.437500000000000000e+02 7.392000000000000171e+01 7.082799999999999727e+02 1.363100000000000023e+02 0.000000000000000000e+00 -9.551499999999999773e+02 5.882300000000000182e+02 5.604299999999999500e+02 -1.899499999999999886e+02 1.281699999999999875e+02
-4.413199999999999932e+02 -1.475000000000000000e+01 4.252099999999999795e+02 -2.392999999999999972e+01 0.000000000000000000e+00 -5.821900000000000546e+02 3.289999999999999858e+01 -1.931069999999999936e+03 -4.809999999999999609e+00 -2.558199999999999932e+02
2.230600000000000023e+02 -1.240900000000000034e+02 1.591299999999999955e+02 -3.675199999999999818e+02 0.000000000000000000e+00 9.864000000000000057e+01 -8.010199999999999818e+02 -1.719039999999999964e+03 -2.755999999999999872e+01 0.000000000000000000e+00
3.434399999999999977e+02 1.615900000000000034e+02 3.446999999999999886e+02 -1.197900000000000063e+02 0.000000000000000000e+00 6.472599999999999909e+02 3.478000000000000114e+01 1.872230000000000018e+03 -1.960999999999999943e+01 -3.062200000000000273e+02
-1.795600000000000023e+02 -9.256000000000000227e+01 6.025399999999999636e+02 4.782200000000000273e+02 0.000000000000000000e+00 2.573999999999999773e+02 8.573799999999999955e+02 1.505079999999999927e+03 3.258100000000000023e+02 -6.682400000000000091e+02
-1.411100000000000136e+02 2.509999999999999787e+00 5.019100000000000250e+02 2.638399999999999750e+02 0.000000000000000000e+00 -2.189199999999999875e+02 3.516600000000000250e+02 -1.111690000000000055e+03 1.558700000000000045e+02 4.839900000000000091e+02
-3.463000000000000256e+01 5.300000000000000000e+01 8.585000000000000000e+02 -3.854599999999999795e+02 0.000000000000000000e+00 1.682599999999999909e+02 -4.784700000000000273e+02 -7.507400000000000091e+02 1.194999999999999929e+01 9.651000000000000227e+02
1.005400000000000063e+02 -4.330000000000000071e+00 3.651399999999999864e+02 -2.844200000000000159e+02 0.000000000000000000e+00 -2.155399999999999920e+02 2.582999999999999829e+01 4.912900000000000205e+02 -4.642000000000000171e+01 -5.552300000000000182e+02
6.901000000000000512e+01 -1.077500000000000000e+02 2.689599999999999795e+02 3.456999999999999886e+02 0.000000000000000000e+00 5.247999999999999687e+01 -3.629800000000000182e+02 7.418000000000000682e+01 -1.443199999999999932e+02 -1.055509999999999991e+03
5.035000000000000142e+01 1.475000000000000000e+01 5.661799999999999500e+02 1.998400000000000034e+02 0.000000000000000000e+00 -8.886499999999999773e+02 2.217000000000000171e+01 -1.662100000000000080e+02 -7.462000000000000455e+01 9.177699999999999818e+02
7.904999999999999716e+01 -1.409999999999999920e+00 2.260800000000000125e+02 -3.328100000000000023e+02 0.000000000000000000e+00 1.318400000000000034e+02 4.194900000000000091e+02 4.599000000000000199e+01 2.486299999999999955e+02 5.915599999999999454e+02
1.408799999999999955e+02 7.603000000000000114e+01 3.863100000000000023e+02 -3.030999999999999872e+01 0.000000000000000000e+00 9.794099999999999682e+02 3.465999999999999659e+01 7.995099999999999909e+02 6.592000000000000171e+01 0.000000000000000000e+00
1.499000000000000021e+01 -5.393999999999999773e+01 2.005800000000000125e+02 2.616000000000000227e+02 0.000000000000000000e+00 3.418700000000000045e+02 -1.568600000000000136e+02 -4.931700000000000159e+02 -1.139099999999999966e+02 0.000000000000000000e+00
-2.354699999999999989e+02 1.021899999999999977e+02 2.560199999999999818e+02 -2.203000000000000114e+01 0.000000000000000000e+00 -7.293700000000000045e+02 9.156000000000000227e+01 -3.926600000000000250e+02 -2.424199999999999875e+02 0.000000000000000000e+00
-3.163500000000000227e+02 -2.689999999999999947e+00 2.956100000000000136e+02 -2.657500000000000000e+02 0.000000000000000000e+00 -5.698099999999999454e+02 -3.497900000000000205e+02 1.062699999999999960e+02 1.363700000000000045e+02 0.000000000000000000e+00
-8.089999999999999858e+00 -5.986999999999999744e+01 -1.346399999999999864e+02 2.941600000000000250e+02 0.000000000000000000e+00 2.676000000000000156e+01 -6.909000000000000341e+01 -4.880799999999999841e+02 -5.082999999999999829e+01 -3.617400000000000091e+02
4.907400000000000091e+02 -4.670000000000000284e+01 -3.189800000000000182e+02 1.426800000000000068e+02 0.000000000000000000e+00 8.123799999999999955e+02 5.689700000000000273e+02 7.904299999999999500e+02 3.545000000000000284e+01 2.582200000000000273e+02
6.232000000000000028e+01 -1.801999999999999886e+02 4.931000000000000227e+01 -2.528100000000000023e+02 0.000000000000000000e+00 6.388500000000000227e+02 2.791800000000000068e+02 1.202500000000000000e+02 -2.866299999999999955e+02 0.000000000000000000e+00
-4.132500000000000000e+02 1.642299999999999898e+02 2.996100000000000136e+02 2.032999999999999829e+01 0.000000000000000000e+00 -9.438200000000000500e+02 -4.843399999999999750e+02 -6.581000000000000227e+02 -3.064999999999999858e+01 0.000000000000000000e+00
-2.546699999999999875e+02 1.858600000000000136e+02 1.204599999999999937e+02 -1.944000000000000128e+01 0.000000000000000000e+00 -5.272400000000000091e+02 -1.551299999999999955e+02 7.170999999999999375e+01 1.469099999999999966e+02 -1.111999999999999922e+01
3.042200000000000273e+02 -1.625300000000000011e+02 -3.777200000000000273e+02 -3.900899999999999750e+02 0.000000000000000000e+00 -7.288899999999999864e+02 -4.821000000000000085e+01 2.484799999999999898e+02 5.690000000000000391e+00 -1.264899999999999949e+02
4.082200000000000273e+02 -1.478700000000000045e+02 -6.934500000000000455e+02 2.003400000000000034e+02 0.000000000000000000e+00 1.197609999999999900e+03 1.113100000000000023e+02 -1.416800000000000068e+02 1.269300000000000068e+02 7.195000000000000284e+01
-1.206099999999999994e+02 -2.630000000000000071e+01 -5.455499999999999545e+02 6.311299999999999955e+02 0.000000000000000000e+00 6.887200000000000273e+02 5.124900000000000091e+02 -1.082000000000000028e+01 -2.216000000000000014e+01 0.000000000000000000e+00
-3.088199999999999932e+02 5.282000000000000028e+01 3.589999999999999858e+00 5.628999999999999915e+01 0.000000000000000000e+00 -7.152699999999999818e+02 -4.248799999999999955e+02 1.456500000000000057e+02 -9.029999999999999361e+00 0.000000000000000000e+00
9.679999999999999716e+00 1.516100000000000136e+02 1.950999999999999943e+02 -7.949600000000000364e+02 0.000000000000000000e+00 -6.164600000000000364e+02 8.020999999999999375e+01 -5.304700000000000273e+02 -1.094099999999999966e+02 -5.052000000000000313e+01
-4.660000000000000142e+00 1.682999999999999829e+01 -5.035099999999999909e+02 -1.915800000000000125e+02 0.000000000000000000e+00 3.175000000000000000e+01 6.926000000000000512e+01 3.146499999999999773e+02 1.780600000000000023e+02 -6.632999999999999545e+02
-1.031299999999999955e+02 -1.140499999999999972e+02 -7.630900000000000318e+02 7.853999999999999773e+02 0.000000000000000000e+00 7.762100000000000364e+02 -3.700199999999999818e+02 3.223700000000000045e+02 -3.830000000000000071e+00 -3.155199999999999818e+02
3.125099999999999909e+02 -1.165199999999999960e+02 -4.914100000000000250e+02 2.368499999999999943e+02 0.000000000000000000e+00 1.618700000000000045e+02 3.420199999999999818e+02 -4.725500000000000114e+02 -3.017000000000000171e+01 2.226500000000000057e+02
4.896000000000000085e+01 7.646999999999999886e+01 -2.864999999999999858e+01 -4.624399999999999977e+02 0.000000000000000000e+00 -1.154899999999999949e+02 6.455000000000000000e+02 4.188899999999999864e+02 -2.754300000000000068e+02 1.036890000000000100e+03
-2.393199999999999932e+02 -1.750000000000000000e+00 1.159899999999999949e+02 -7.715999999999999659e+01 0.000000000000000000e+00 -7.405000000000000000e+02 -5.117699999999999818e+02 -8.332999999999999829e+01 -1.538700000000000045e+02 2.726399999999999864e+02
-3.750999999999999801e+01 1.741100000000000136e+02 8.879000000000000625e+01 1.176400000000000006e+02 0.000000000000000000e+00 -3.211200000000000045e+02 -1.104200000000000045e+03 -4.938399999999999750e+02 4.044399999999999977e+02 -1.290910000000000082e+03
-3.867999999999999972e+01 6.121000000000000085e+01 2.414999999999999858e+01 -1.716500000000000057e+02 0.000000000000000000e+00 6.946599999999999682e+02 5.343799999999999955e+02 -6.773999999999999488e+01 8.156999999999999318e+01 -6.149700000000000273e+02
7.521999999999999886e+01 -2.047199999999999989e+02 -4.054900000000000091e+02 1.821000000000000085e+01 0.000000000000000000e+00 8.682999999999999829e+01 7.581299999999999955e+02 7.086000000000000227e+02 7.262000000000000455e+01 6.250199999999999818e+02
1.800200000000000102e+02 -1.092999999999999972e+02 -2.998199999999999932e+02 7.312000000000000455e+01 0.000000000000000000e+00 -5.088500000000000227e+02 -2.015099999999999909e+02 2.353400000000000034e+02 -6.568000000000000682e+01 1.068480000000000018e+03
1.710500000000000114e+02 6.111999999999999744e+01 -2.124900000000000091e+02 4.575400000000000205e+02 0.000000000000000000e+00 5.154400000000000546e+02 -3.761800000000000068e+02 -1.245119999999999891e+03 -1.427899999999999920e+02 -1.207000000000000028e+01
-4.761100000000000136e+02 1.730999999999999943e+02 -5.085999999999999943e+01 -3.403799999999999955e+02 0.000000000000000000e+00 3.680799999999999841e+02 -1.354099999999999966e+02 -2.934200000000000159e+02 3.671000000000000085e+01 -7.170399999999999636e+02
-1.514399999999999977e+02 -4.524000000000000199e+01 -2.234300000000000068e+02 -2.972400000000000091e+02 0.000000000000000000e+00 -9.277599999999999909e+02 3.728700000000000045e+02 1.253329999999999927e+03 1.777199999999999989e+02 -5.871100000000000136e+02
2.945000000000000000e+02 -1.754600000000000080e+02 -4.652799999999999727e+02 8.370999999999999375e+01 0.000000000000000000e+00 -4.103100000000000023e+02 2.847900000000000205e+02 6.670000000000000284e+01 1.576699999999999875e+02 1.147099999999999937e+02
8.676999999999999602e+01 1.590000000000000080e+00 -3.821000000000000085e+01 2.673600000000000136e+02 0.000000000000000000e+00 1.287630000000000109e+03 -1.326999999999999886e+02 -3.287799999999999727e+02 -2.539499999999999886e+02 6.343600000000000136e+02
-1.819199999999999875e+02 -1.352999999999999936e+01 1.924600000000000080e+02 2.853600000000000136e+02 0.000000000000000000e+00 3.428199999999999932e+02 -2.603799999999999955e+02 -3.965600000000000023e+02 -1.084899999999999949e+02 3.345500000000000114e+02
6.300999999999999801e+01 1.385800000000000125e+02 4.344800000000000182e+02 -6.798999999999999488e+01 0.000000000000000000e+00 -1.129740000000000009e+03 1.265699999999999932e+02 4.167300000000000182e+02 1.015900000000000034e+02 -4.743199999999999932e+02
1.222199999999999989e+02 1.061400000000000006e+02 4.610000000000000000e+02 -3.532300000000000182e+02 0.000000000000000000e+00 -3.188700000000000045e+02 -4.173000000000000114e+02 2.524199999999999875e+02 -1.723799999999999955e+02 -4.287900000000000205e+02
-2.382000000000000028e+01 -3.142000000000000171e+01 8.415999999999999659e+01 -9.901999999999999602e+01 0.000000000000000000e+00 3.390400000000000205e+02 4.766399999999999864e+02 -1.225300000000000011e+02 2.051999999999999957e+01 8.687999999999999545e+01
-4.652300000000000182e+02 -9.346999999999999886e+01 8.643200000000000500e+02 2.345300000000000011e+02 0.000000000000000000e+00 1.060999999999999943e+01 5.986100000000000136e+02 -1.828000000000000114e+02 6.257000000000000028e+01 6.996599999999999682e+02
3.154399999999999977e+02 -3.235000000000000142e+01 5.020099999999999909e+02 2.927799999999999727e+02 0.000000000000000000e+00 -1.445900000000000034e+02 -7.760399999999999636e+02 -3.300899999999999750e+02 1.845300000000000011e+02 2.094900000000000091e+02
2.624599999999999795e+02 3.257999999999999829e+01 2.428899999999999864e+02 -1.381500000000000057e+02 0.000000000000000000e+00 -4.873100000000000023e+02 -5.343999999999999773e+01 6.652200000000000273e+02 1.039300000000000068e+02 -7.733099999999999454e+02
1.123199999999999932e+02 8.275000000000000000e+01 5.929099999999999682e+02 -2.184600000000000080e+02 0.000000000000000000e+00 5.416699999999999591e+02 1.666800000000000068e+02 3.128000000000000114e+01 -3.060799999999999841e+02 2.482299999999999898e+02
-2.890600000000000023e+02 -4.917000000000000171e+01 1.073150000000000091e+03 -2.761200000000000045e+02 0.000000000000000000e+00 3.935299999999999727e+02 3.873000000000000114e+02 -8.914600000000000364e+02 1.643300000000000125e+02 -1.979699999999999989e+02
-4.901499999999999773e+02 -1.180100000000000051e+02 9.471399999999999864e+02 1.560500000000000114e+02 0.000000000000000000e+00 -1.791800000000000068e+02 -2.901000000000000227e+02 -6.209000000000000341e+01 3.422900000000000205e+02 -2.418799999999999955e+02
4.045899999999999750e+02 -1.230000000000000071e+01 3.237799999999999727e+02 2.871700000000000159e+02 0.000000000000000000e+00 -8.619299999999999500e+02 3.161899999999999977e+02 7.174600000000000364e+02 -9.895999999999999375e+01 2.025699999999999932e+02
2.853100000000000023e+02 5.035000000000000142e+01 5.228200000000000500e+02 -5.239000000000000057e+01 0.000000000000000000e+00 1.999000000000000057e+02 7.009999999999999432e+01 1.175799999999999983e+02 -1.409600000000000080e+02 1.845600000000000023e+02
-2.247500000000000000e+02 -4.167999999999999972e+01 6.894600000000000364e+02 -2.193700000000000045e+02 0.000000000000000000e+00 1.532049999999999955e+03 -4.189800000000000182e+02 9.799999999999999822e-01 -2.495399999999999920e+02 1.556200000000000045e+02
-2.514399999999999977e+02 1.801699999999999875e+02 7.004299999999999500e+02 -1.033000000000000007e+01 0.000000000000000000e+00 -6.228099999999999454e+02 -5.068100000000000023e+02 -3.457200000000000273e+02 3.591499999999999773e+02 -5.479600000000000364e+02
1.946500000000000057e+02 -1.314199999999999875e+02 4.713999999999999773e+02 1.322000000000000064e+01 0.000000000000000000e+00 -1.568240000000000009e+03 3.943700000000000045e+02 -2.319900000000000091e+02 -6.275999999999999801e+01 4.599000000000000199e+01
1.287599999999999909e+02 -2.190699999999999932e+02 9.564000000000000057e+01 6.789000000000000057e+01 0.000000000000000000e+00 7.327300000000000182e+02 6.116100000000000136e+02 6.992000000000000171e+01 -3.354999999999999716e+01 6.771999999999999886e+01
-8.442000000000000171e+01 1.516800000000000068e+02 1.396500000000000057e+02 1.686699999999999875e+02 0.000000000000000000e+00 8.036499999999999773e+02 -5.146100000000000136e+02 1.918499999999999943e+02 -1.150400000000000063e+02 -3.816999999999999886e+02
-8.400000000000000355e+00 2.133000000000000114e+02 -2.074000000000000057e+02 -7.142000000000000171e+01 0.000000000000000000e+00 -1.821699999999999875e+02 -4.740600000000000023e+02 -1.497599999999999909e+02 1.000000000000000000e+01 5.136100000000000136e+02
1.745000000000000000e+02 -1.369900000000000091e+02 2.186100000000000136e+02 -3.727300000000000182e+02 0.000000000000000000e+00 -8.531100000000000136e+02 5.227699999999999818e+02 8.029800000000000182e+02 5.907000000000000028e+01 5.613000000000000256e+01
9.695999999999999375e+01 -1.014099999999999966e+02 -1.619999999999999929e+01 1.801000000000000156e+01 0.000000000000000000e+00 -2.353999999999999915e+01 2.489000000000000057e+01 -6.167300000000000182e+02 -3.914000000000000057e+01 -1.965600000000000023e+02
-3.300500000000000114e+02 1.721000000000000085e+01 -1.247999999999999972e+02 4.661200000000000045e+02 0.000000000000000000e+00 1.011279999999999973e+03 -6.641299999999999955e+02 -8.613099999999999454e+02 1.356599999999999966e+02 -1.791200000000000045e+02
1.448199999999999932e+02 4.064999999999999858e+01 -6.690499999999999545e+02 -1.165000000000000000e+02 0.000000000000000000e+00 6.783300000000000409e+02 5.442400000000000091e+02 5.218600000000000136e+02 -1.416999999999999886e+02 2.806899999999999977e+02
3.646899999999999977e+02 9.504999999999999716e+01 -8.376100000000000136e+02 -4.348999999999999773e+02 0.000000000000000000e+00 -1.205710000000000036e+03 5.357699999999999818e+02 4.012200000000000273e+02 4.714000000000000057e+01 3.350000000000000000e+01
-1.806100000000000136e+02 -4.060999999999999943e+01 -5.997000000000000455e+02 3.776299999999999955e+02 0.000000000000000000e+00 -7.677400000000000091e+02 2.664399999999999977e+02 2.486800000000000068e+02 -2.187000000000000099e+01 -1.084399999999999977e+02
-4.562300000000000182e+02 -7.562000000000000455e+01 -4.681600000000000250e+02 3.180500000000000114e+02 0.000000000000000000e+00 9.112100000000000364e+02 -8.600800000000000409e+02 2.220300000000000011e+02 9.017000000000000171e+01 -1.497500000000000000e+02
2.671999999999999886e+01 -6.040000000000000036e+00 -6.748700000000000045e+02 -5.549600000000000364e+02 0.000000000000000000e+00 4.131299999999999955e+02 -3.856899999999999977e+02 -1.082460000000000036e+03 6.889000000000000057e+01 7.526000000000000512e+01
4.490500000000000114e+02 1.618199999999999932e+02 -1.038440000000000055e+03 1.389799999999999898e+02 0.000000000000000000e+00 -2.168700000000000045e+02 8.030599999999999454e+02 2.628799999999999955e+02 -1.573400000000000034e+02 8.245700000000000500e+02
2.621000000000000227e+02 -1.623199999999999932e+02 -9.630499999999999545e+02 3.108299999999999841e+02 0.000000000000000000e+00 -7.051599999999999682e+02 8.869900000000000091e+02 5.304700000000000273e+02 -9.893999999999999773e+01 -4.331499999999999773e+02
-2.239499999999999886e+02 -1.880999999999999872e+01 -4.703299999999999841e+02 -2.196800000000000068e+02 0.000000000000000000e+00 -2.982200000000000273e+02 -4.569900000000000091e+02 -1.547199999999999989e+02 -6.781000000000000227e+01 -8.242000000000000455e+02
-4.784499999999999886e+02 1.716699999999999875e+02 -4.741899999999999977e+02 -2.614999999999999858e+01 0.000000000000000000e+00 4.226200000000000045e+02 -1.043829999999999927e+03 1.462800000000000011e+02 1.750800000000000125e+02 2.098899999999999864e+02
-5.665999999999999659e+01 -1.713700000000000045e+02 -2.795400000000000205e+02 6.167000000000000171e+01 0.000000000000000000e+00 8.893999999999999773e+02 1.795000000000000000e+02 5.804999999999999716e+01 9.942000000000000171e+01 5.262200000000000273e+02
-6.931999999999999318e+01 -9.456000000000000227e+01 -2.969499999999999886e+02 -1.679499999999999886e+02 0.000000000000000000e+00 -6.690000000000000391e+00 1.891599999999999966e+02 -5.462100000000000364e+02 1.060999999999999943e+01 4.853000000000000114e+01
4.608199999999999932e+02 6.222999999999999687e+01 -3.541499999999999773e+02 -1.141000000000000014e+01 0.000000000000000000e+00 -7.887100000000000364e+02 3.933100000000000023e+02 -2.176899999999999977e+02 -2.766399999999999864e+02 -1.254300000000000068e+02
4.561700000000000159e+02 -1.619999999999999929e+01 -2.975400000000000205e+02 7.398999999999999488e+01 0.000000000000000000e+00 -3.691100000000000136e+02 -7.600000000000000000e+01 6.999700000000000273e+02 -1.629099999999999966e+02 3.750000000000000000e+00
-2.949499999999999886e+02 2.184199999999999875e+02 1.694199999999999875e+02 -1.981899999999999977e+02 0.000000000000000000e+00 1.674499999999999886e+02 -2.379600000000000080e+02 3.311399999999999864e+02 2.900799999999999841e+02 -4.907000000000000028e+01
-4.292699999999999818e+02 -1.237300000000000040e+02 6.342799999999999727e+02 -1.042500000000000000e+02 0.000000000000000000e+00 7.522200000000000273e+02 -3.354499999999999886e+02 -8.439700000000000273e+02 -4.000000000000000000e+00 9.676999999999999602e+01
-3.948600000000000136e+02 -1.670999999999999943e+02 4.868600000000000136e+02 3.567400000000000091e+02 0.000000000000000000e+00 -2.879999999999999893e+00 -1.640600000000000023e+02 -3.787900000000000205e+02 1.825399999999999920e+02 1.944000000000000128e+01
2.520200000000000102e+02 6.410999999999999943e+01 2.211800000000000068e+02 1.890600000000000023e+02 0.000000000000000000e+00 -3.440400000000000205e+02 9.492500000000000000e+02 1.589600000000000080e+02 -1.334900000000000091e+02 1.517500000000000000e+02
7.324500000000000455e+02 2.967999999999999972e+01 -2.743399999999999750e+02 -4.873500000000000227e+02 0.000000000000000000e+00 -8.225800000000000409e+02 -3.034499999999999886e+02 1.010799999999999983e+02 -2.300399999999999920e+02 2.671000000000000227e+02
3.505600000000000023e+02 1.376299999999999955e+02 -1.858999999999999986e+01 -1.385000000000000000e+02 0.000000000000000000e+00 -7.092899999999999636e+02 -3.930699999999999932e+02 3.143600000000000136e+02 -8.728000000000000114e+01 -2.040500000000000114e+02
-7.768700000000000045e+02 -1.433799999999999955e+02 6.820800000000000409e+02 3.755000000000000000e+02 0.000000000000000000e+00 1.474750000000000000e+03 3.699399999999999977e+02 3.329499999999999886e+02 7.695999999999999375e+01 -1.061299999999999955e+02
-7.686799999999999500e+02 3.175000000000000000e+01 7.747899999999999636e+02 5.809999999999999609e+00 0.000000000000000000e+00 1.686529999999999973e+03 -1.176599999999999966e+02 -4.780799999999999841e+02 2.733100000000000023e+02 2.814300000000000068e+02
4.857500000000000000e+02 5.839999999999999858e+00 2.442100000000000080e+02 7.500000000000000000e-01 0.000000000000000000e+00 -1.137579999999999927e+03 -2.127199999999999989e+02 8.278000000000000114e+01 1.742999999999999972e+01 -1.735500000000000114e+02
5.833300000000000409e+02 -1.835999999999999943e+02 -2.411500000000000057e+02 4.682999999999999829e+01 0.000000000000000000e+00 -2.035460000000000036e+03 4.443100000000000023e+02 8.970000000000000284e+01 -1.724399999999999977e+02 0.000000000000000000e+00
3.425999999999999801e+01 1.566599999999999966e+02 -1.079200000000000017e+02 5.692999999999999972e+01 0.000000000000000000e+00 8.668999999999999773e+02 1.843400000000000034e+02 -5.068799999999999955e+02 -1.439900000000000091e+02 0.000000000000000000e+00
-3.390000000000000124e+00 8.009999999999999787e+00 4.544800000000000182e+02 -2.345000000000000000e+02 0.000000000000000000e+00 3.594499999999999886e+02 -2.912900000000000205e+02 5.118899999999999864e+02 7.584000000000000341e+01 -4.014800000000000182e+02
-4.566000000000000227e+02 8.019999999999999574e+00 3.068899999999999864e+02 -9.237000000000000455e+01 0.000000000000000000e+00 4.121700000000000159e+02 -1.270999999999999943e+02 9.868700000000000045e+02 2.225900000000000034e+02 -4.953199999999999932e+02
-4.156499999999999773e+02 -1.633400000000000034e+02 5.548300000000000409e+02 2.508199999999999932e+02 0.000000000000000000e+00 4.930299999999999727e+02 2.806800000000000068e+02 -4.813700000000000045e+02 1.385500000000000114e+02 1.110699999999999932e+02
4.482000000000000028e+01 2.085000000000000000e+02 1.964499999999999886e+02 9.773999999999999488e+01 0.000000000000000000e+00 1.263000000000000078e+01 -2.956100000000000136e+02 -1.864430000000000064e+03 -2.998899999999999864e+02 6.031100000000000136e+02
5.331499999999999773e+02 -3.069800000000000182e+02 -2.911399999999999864e+02 6.660999999999999943e+01 0.000000000000000000e+00 -1.691559999999999945e+03 -1.150699999999999932e+02 4.119200000000000159e+02 1.893300000000000125e+02 2.684100000000000250e+02
1.623799999999999955e+02 2.790500000000000114e+02 -3.395099999999999909e+02 -2.122500000000000000e+02 0.000000000000000000e+00 -4.864200000000000159e+02 3.526999999999999886e+02 1.487569999999999936e+03 -2.220800000000000125e+02 -4.797799999999999727e+02
6.681999999999999318e+01 -2.435999999999999943e+02 5.073100000000000023e+02 -2.715299999999999727e+02 0.000000000000000000e+00 1.000500000000000000e+03 2.667300000000000182e+02 3.666299999999999955e+02 -1.782199999999999989e+02 -3.639499999999999886e+02
-5.952899999999999636e+02 1.545000000000000000e+02 5.157000000000000455e+02 2.250800000000000125e+02 0.000000000000000000e+00 1.685180000000000064e+03 -5.962599999999999909e+02 -1.100990000000000009e+03 -2.269999999999999929e+01 5.162400000000000091e+02
-2.197400000000000091e+02 5.375000000000000000e+01 9.421999999999999886e+01 2.955999999999999872e+01 0.000000000000000000e+00 -7.406599999999999682e+02 -3.988000000000000114e+02 -6.920599999999999454e+02 3.581299999999999955e+02 0.000000000000000000e+00
5.494400000000000546e+02 -1.628000000000000114e+02 -4.963600000000000136e+02 -6.317999999999999972e+01 0.000000000000000000e+00 -2.212909999999999854e+03 2.461399999999999864e+02 6.607799999999999727e+02 2.390800000000000125e+02 4.612200000000000273e+02
3.906000000000000227e+02 5.113000000000000256e+01 -6.518000000000000682e+01 -4.959000000000000341e+01 0.000000000000000000e+00 7.530900000000000318e+02 8.571599999999999682e+02 -5.396699999999999591e+02 -6.737000000000000455e+01 4.029700000000000273e+02
-2.174099999999999966e+02 1.105699999999999932e+02 1.365200000000000102e+02 1.555300000000000011e+02 0.000000000000000000e+00 1.094099999999999909e+03 7.679999999999999716e+00 6.291000000000000227e+02 2.019799999999999898e+02 -1.014599999999999937e+02
-6.068999999999999773e+01 -1.109399999999999977e+02 7.131000000000000227e+01 -6.024000000000000199e+01 0.000000000000000000e+00 -1.479300000000000068e+02 -4.701800000000000068e+02 6.690399999999999636e+02 1.477500000000000000e+02 -5.268999999999999773e+02
-2.149399999999999977e+02 2.003799999999999955e+02 -2.793000000000000114e+02 6.828000000000000114e+01 0.000000000000000000e+00 1.170970000000000027e+03 -6.148899999999999864e+02 -1.230160000000000082e+03 -3.148000000000000043e+01 1.655399999999999920e+02
-1.610600000000000023e+02 -1.255900000000000034e+02 2.667000000000000171e+01 -1.210999999999999943e+01 0.000000000000000000e+00 -1.041690000000000055e+03 3.649200000000000159e+02 -3.651600000000000250e+02 -5.368999999999999773e+01 -2.152800000000000011e+02
7.204000000000000625e+01 -5.015999999999999659e+01 -1.349799999999999898e+02 -6.984000000000000341e+01 0.000000000000000000e+00 -2.006819999999999936e+03 6.720099999999999909e+02 1.169269999999999982e+03 2.959999999999999964e+00 1.395800000000000125e+02
4.411499999999999773e+02 3.076000000000000156e+01 -5.751799999999999500e+02 1.238400000000000034e+02 0.000000000000000000e+00 1.444930000000000064e+03 -7.182999999999999829e+01 -1.267999999999999972e+02 -1.626100000000000136e+02 5.390299999999999727e+02
6.110000000000000320e+00 -7.989000000000000057e+01 -3.248700000000000045e+02 1.966599999999999966e+02 0.000000000000000000e+00 1.985150000000000091e+03 -6.672000000000000455e+02 -4.201800000000000068e+02 -8.480000000000000426e+00 0.000000000000000000e+00
-3.110899999999999750e+02 3.646000000000000085e+01 -1.003199999999999932e+02 -1.743300000000000125e+02 0.000000000000000000e+00 -8.269900000000000091e+02 3.976200000000000045e+02 4.535699999999999932e+02 -8.662000000000000455e+01 -4.736000000000000227e+02
-2.888500000000000227e+02 7.553000000000000114e+01 2.734399999999999977e+02 -3.780199999999999818e+02 0.000000000000000000e+00 -9.583600000000000136e+02 -3.153199999999999932e+02 6.136399999999999864e+02 6.679999999999999716e+01 -6.660099999999999909e+02
-4.850999999999999801e+01 8.965999999999999659e+01 8.443999999999999773e+01 2.037000000000000099e+01 0.000000000000000000e+00 -8.862000000000000455e+02 1.340399999999999920e+02 -1.408990000000000009e+03 -2.695299999999999727e+02 8.009600000000000364e+02
4.468700000000000045e+02 -2.207899999999999920e+02 -7.145099999999999909e+02 2.099099999999999966e+02 0.000000000000000000e+00 -7.000000000000000000e+01 8.907599999999999909e+02 -2.315999999999999943e+02 1.775300000000000011e+02 5.768400000000000318e+02
3.219300000000000068e+02 -2.305999999999999872e+01 -5.192699999999999818e+02 1.177000000000000028e+02 0.000000000000000000e+00 1.038089999999999918e+03 -5.163700000000000045e+02 1.056049999999999955e+03 1.210999999999999943e+01 3.308700000000000045e+02
-1.628300000000000125e+02 1.095600000000000023e+02 3.929900000000000091e+02 -7.781999999999999318e+01 0.000000000000000000e+00 2.219399999999999977e+02 -4.763000000000000114e+02 -7.603000000000000114e+01 2.192000000000000171e+01 -1.129960000000000036e+03
-5.929700000000000273e+02 1.916100000000000136e+02 4.236700000000000159e+02 -5.107999999999999829e+01 0.000000000000000000e+00 2.812000000000000099e+01 1.372000000000000064e+01 -1.041980000000000018e+03 -1.242600000000000051e+02 -2.152100000000000080e+02
1.555999999999999943e+02 -5.728999999999999915e+01 1.136299999999999955e+02 -3.883700000000000045e+02 0.000000000000000000e+00 -9.894299999999999500e+02 3.939100000000000250e+02 6.246100000000000136e+02 2.515099999999999909e+02 2.783000000000000114e+02
3.905600000000000023e+02 -1.730500000000000114e+02 -2.752699999999999818e+02 2.804200000000000159e+02 0.000000000000000000e+00 5.409000000000000341e+01 -3.421000000000000085e+01 2.436699999999999875e+02 -3.069000000000000128e+01 6.913600000000000136e+02
3.566600000000000250e+02 -5.738000000000000256e+01 -1.699499999999999886e+02 3.471999999999999886e+02 0.000000000000000000e+00 -1.448600000000000136e+02 4.174599999999999795e+02 -2.981200000000000045e+02 -1.242600000000000051e+02 2.216299999999999955e+02
-1.485699999999999932e+02 1.855800000000000125e+02 7.873000000000000398e+01 8.993000000000000682e+01 0.000000000000000000e+00 1.375300000000000011e+02 -5.769500000000000455e+02 9.354000000000000625e+01 9.498000000000000398e+01 -9.687100000000000364e+02
-5.086899999999999977e+02 1.234000000000000057e+02 9.509000000000000341e+01 -3.909800000000000182e+02 0.000000000000000000e+00 1.543490000000000009e+03 1.257000000000000028e+01 1.959000000000000057e+02 -5.745000000000000284e+01 -9.387999999999999545e+01
-3.720699999999999932e+02 -1.575800000000000125e+02 1.274800000000000040e+02 -1.767299999999999898e+02 0.000000000000000000e+00 4.921700000000000159e+02 -3.357099999999999795e+02 1.406699999999999875e+02 2.832599999999999909e+02 -8.378000000000000114e+01
4.428000000000000114e+02 -1.399900000000000091e+02 -4.297999999999999687e+01 4.288299999999999841e+02 0.000000000000000000e+00 -1.920349999999999909e+03 1.531800000000000068e+02 -9.819500000000000455e+02 -2.168899999999999864e+02 7.776799999999999500e+02
4.401600000000000250e+02 9.779000000000000625e+01 -7.934999999999999432e+01 -4.030000000000000249e+00 0.000000000000000000e+00 -8.773200000000000500e+02 7.321100000000000136e+02 3.112400000000000091e+02 -3.144999999999999929e+01 -1.056500000000000057e+02
1.638600000000000136e+02 9.515000000000000568e+01 -2.681100000000000136e+02 -8.146999999999999886e+01 0.000000000000000000e+00 4.592500000000000000e+02 5.454999999999999716e+01 7.592300000000000182e+02 1.260600000000000023e+02 -5.310599999999999454e+02
-6.340099999999999909e+02 -9.448000000000000398e+01 -3.142000000000000171e+01 -1.342500000000000000e+02 0.000000000000000000e+00 1.261500000000000000e+03 -1.854799999999999898e+02 1.148199999999999932e+02 5.464999999999999858e+01 -1.449799999999999898e+02
-3.915699999999999932e+02 1.564000000000000057e+01 4.716700000000000159e+02 1.359900000000000091e+02 0.000000000000000000e+00 5.569800000000000182e+02 -8.835700000000000500e+02 -5.259400000000000546e+02 -1.324099999999999966e+02 5.376200000000000045e+02
1.159500000000000028e+02 -1.519699999999999989e+02 4.914999999999999858e+01 9.789000000000000057e+01 0.000000000000000000e+00 -6.462899999999999636e+02 1.235199999999999960e+02 -3.708600000000000136e+02 2.285000000000000142e+01 -4.534900000000000091e+02
3.370199999999999818e+02 3.539999999999999858e+01 -2.279900000000000091e+02 -1.172900000000000063e+02 0.000000000000000000e+00 -1.436640000000000100e+03 1.059339999999999918e+03 7.194700000000000273e+02 -2.093199999999999932e+02 2.831800000000000068e+02
4.732099999999999795e+02 6.095000000000000284e+01 -3.224800000000000182e+02 -2.310800000000000125e+02 0.000000000000000000e+00 -6.011000000000000227e+02 6.614000000000000057e+01 -6.400099999999999909e+02 -1.340600000000000023e+02 4.918299999999999841e+02
3.178000000000000114e+01 8.403000000000000114e+01 2.171000000000000085e+01 6.240999999999999659e+01 0.000000000000000000e+00 1.295230000000000018e+03 -1.145410000000000082e+03 -2.583799999999999955e+02 2.174600000000000080e+02 -5.618999999999999773e+02
-7.298099999999999454e+02 3.140000000000000000e+02 6.276499999999999773e+02 2.201100000000000136e+02 0.000000000000000000e+00 3.867799999999999727e+02 1.311299999999999955e+02 1.310200000000000045e+03 1.474399999999999977e+02 -6.683999999999999773e+02
-3.693100000000000023e+02 -7.112799999999999727e+02 -1.108100000000000023e+02 6.431999999999999318e+01 0.000000000000000000e+00 3.022400000000000091e+02 -4.065999999999999659e+01 -3.496299999999999955e+02 -1.104699999999999989e+02 5.971499999999999773e+02
5.950299999999999727e+02 2.698600000000000136e+02 -2.849700000000000273e+02 -1.912899999999999920e+02 0.000000000000000000e+00 1.080999999999999943e+02 3.422900000000000205e+02 -7.396299999999999955e+02 5.485999999999999943e+01 7.317300000000000182e+02
7.085199999999999818e+02 1.405399999999999920e+02 -4.422400000000000091e+02 -1.835999999999999943e+02 0.000000000000000000e+00 -1.270819999999999936e+03 -1.158999999999999986e+01 -3.208600000000000136e+02 3.299000000000000199e+01 -1.646200000000000045e+02
-7.143999999999999773e+01 -8.965000000000000568e+01 2.573000000000000043e+01 1.857899999999999920e+02 0.000000000000000000e+00 -1.200880000000000109e+03 1.361800000000000068e+02 3.820400000000000205e+02 2.146200000000000045e+02 -6.753799999999999955e+02
-7.529700000000000273e+02 6.529000000000000625e+01 5.227000000000000455e+02 9.681999999999999318e+01 0.000000000000000000e+00 1.232400000000000091e+03 3.457900000000000205e+02 4.000000000000000083e-02 -1.398199999999999932e+02 3.488000000000000256e+01
-3.686299999999999955e+02 -2.527700000000000102e+02 -3.831600000000000250e+02 -2.668199999999999932e+02 0.000000000000000000e+00 2.317750000000000000e+03 -9.612400000000000091e+02 3.021499999999999773e+02 6.770000000000000284e+01 8.383600000000000136e+02
4.289700000000000273e+02 5.138000000000000256e+01 -2.931399999999999864e+02 3.080199999999999818e+02 0.000000000000000000e+00 -2.359499999999999886e+02 4.533899999999999864e+02 5.564800000000000182e+02 1.273400000000000034e+02 -2.306800000000000068e+02
3.605299999999999727e+02 2.330999999999999872e+01 -9.890000000000000568e+01 9.459000000000000341e+01 0.000000000000000000e+00 -2.184900000000000091e+03 5.458099999999999454e+02 -1.214769999999999982e+03 8.084000000000000341e+01 -8.343700000000000045e+02
1.654900000000000091e+02 7.023000000000000398e+01 -6.307000000000000028e+01 -1.035300000000000011e+02 0.000000000000000000e+00 -6.743200000000000500e+02 -2.264399999999999977e+02 -1.084399999999999977e+02 -8.996999999999999886e+01 2.096599999999999966e+02
-3.699700000000000273e+02 -6.731000000000000227e+01 2.932200000000000273e+02 2.480999999999999872e+01 0.000000000000000000e+00 7.957000000000000455e+02 -5.035199999999999818e+02 8.603500000000000227e+02 -1.297899999999999920e+02 7.850099999999999909e+02
-3.118299999999999841e+02 3.952000000000000313e+01 -3.077900000000000205e+02 -1.413600000000000136e+02 0.000000000000000000e+00 9.197200000000000273e+02 2.229300000000000068e+02 1.539399999999999977e+02 1.260699999999999932e+02 -4.998100000000000023e+02
3.700999999999999801e+01 4.557999999999999829e+01 9.035999999999999943e+01 8.348000000000000398e+01 0.000000000000000000e+00 6.567799999999999727e+02 3.249700000000000273e+02 1.606200000000000045e+02 1.105100000000000051e+02 -2.319399999999999977e+02
3.939599999999999795e+02 -3.614999999999999858e+01 1.276999999999999957e+01 -6.568000000000000682e+01 0.000000000000000000e+00 -9.201200000000000045e+02 -1.030499999999999972e+02 -5.914700000000000273e+02 8.750000000000000000e+01 5.202599999999999909e+02
-1.072000000000000064e+01 3.704999999999999716e+01 7.004000000000000625e+01 2.922900000000000205e+02 0.000000000000000000e+00 -1.483200000000000045e+03 -1.453400000000000034e+02 -2.685799999999999841e+02 -2.373600000000000136e+02 1.385099999999999909e+02
1.517400000000000091e+02 1.239000000000000057e+01 1.846500000000000057e+02 -1.985600000000000023e+02 0.000000000000000000e+00 5.232000000000000028e+01 2.550000000000000000e+02 -1.368400000000000034e+02 -1.675800000000000125e+02 -4.157400000000000091e+02
-3.890899999999999750e+02 -9.209000000000000341e+01 5.710199999999999818e+02 9.054999999999999716e+01 0.000000000000000000e+00 1.408089999999999918e+03 -1.032000000000000028e+02 1.078430000000000064e+03 3.776200000000000045e+02 -3.279300000000000068e+02
-2.312999999999999901e+01 2.548999999999999844e+01 -2.050699999999999932e+02 2.117000000000000171e+01 0.000000000000000000e+00 7.680900000000000318e+02 -1.232000000000000028e+02 -2.078899999999999864e+02 -2.580899999999999750e+02 6.552200000000000273e+02
-1.166400000000000006e+02 5.110000000000000142e+01 -1.898799999999999955e+02 -6.487000000000000455e+01 0.000000000000000000e+00 -8.983500000000000227e+02 2.421999999999999886e+01 -8.261100000000000136e+02 1.873999999999999844e+01 -2.968999999999999773e+02
3.599399999999999977e+02 -8.298000000000000398e+01 2.361699999999999875e+02 5.721000000000000085e+01 0.000000000000000000e+00 -1.079400000000000091e+03 -3.928000000000000114e+01 6.581299999999999955e+02 -4.642999999999999972e+01 -3.735799999999999841e+02
3.316600000000000250e+02 -7.056000000000000227e+01 1.838700000000000045e+02 8.637999999999999545e+01 0.000000000000000000e+00 6.084000000000000341e+01 8.801999999999999602e+01 -9.310000000000000497e+00 -6.328000000000000114e+01 2.809399999999999977e+02
-2.133799999999999955e+02 9.220000000000000284e+01 5.067799999999999727e+02 -1.540300000000000011e+02 0.000000000000000000e+00 1.168819999999999936e+03 -2.441599999999999966e+02 -9.491100000000000136e+02 1.309300000000000068e+02 -3.137400000000000091e+02
-5.284500000000000455e+02 -2.933999999999999986e+01 2.805500000000000114e+02 -7.165000000000000568e+01 0.000000000000000000e+00 -2.412999999999999901e+01 -4.347999999999999687e+01 6.453400000000000318e+02 -1.962999999999999901e+01 2.293400000000000034e+02
-2.845799999999999841e+02 -5.995000000000000284e+01 -8.785999999999999943e+01 -6.664000000000000057e+01 0.000000000000000000e+00 -9.051999999999999602e+01 4.450299999999999727e+02 4.378799999999999955e+02 -1.926100000000000136e+02 1.673000000000000043e+01
5.911599999999999682e+02 -1.459999999999999964e+00 -6.531999999999999318e+01 9.454999999999999716e+01 0.000000000000000000e+00 -3.555099999999999909e+02 2.953700000000000045e+02 -1.279500000000000028e+02 4.638000000000000256e+01 -1.675900000000000034e+02
5.300000000000000000e+02 1.159899999999999949e+02 9.131999999999999318e+01 2.339000000000000057e+01 0.000000000000000000e+00 -6.481699999999999591e+02 -6.564900000000000091e+02 -4.904499999999999886e+02 -3.771999999999999886e+01 3.876000000000000227e+02
-2.803700000000000045e+02 -1.535999999999999943e+01 4.427200000000000273e+02 -4.604999999999999716e+01 0.000000000000000000e+00 1.309700000000000045e+03 -1.194500000000000028e+02 -1.127299999999999955e+03 -4.082000000000000028e+01 3.403600000000000136e+02
-3.119599999999999795e+02 -2.201999999999999957e+01 4.533000000000000114e+02 -5.156000000000000227e+01 0.000000000000000000e+00 8.429999999999999716e+00 7.377699999999999818e+02 3.321000000000000085e+01 5.829999999999999716e+01 -5.866399999999999864e+02
-1.493799999999999955e+02 -9.034000000000000341e+01 6.984999999999999432e+01 6.388000000000000256e+01 0.000000000000000000e+00 -9.115000000000000000e+02 4.175999999999999801e+01 1.502240000000000009e+03 1.198299999999999983e+02 -5.392100000000000364e+02
1.210900000000000034e+02 8.079000000000000625e+01 2.319000000000000128e+01 9.834999999999999432e+01 0.000000000000000000e+00 7.079400000000000546e+02 -1.525300000000000011e+02 1.121259999999999991e+03 1.327599999999999909e+02 2.154399999999999977e+02
3.611999999999999744e+01 -3.564000000000000057e+01 -2.902200000000000273e+02 7.870000000000000284e+01 0.000000000000000000e+00 -2.913899999999999864e+02 8.504000000000000625e+01 -9.464700000000000273e+02 -1.046599999999999966e+02 7.716399999999999864e+02
4.034800000000000182e+02 4.660000000000000142e+00 6.809999999999999432e+01 1.648999999999999844e+01 0.000000000000000000e+00 -7.182899999999999636e+02 -3.708700000000000045e+02 -1.498589999999999918e+03 -8.368999999999999773e+01 5.070099999999999909e+02
2.000699999999999932e+02 6.343999999999999773e+01 8.099199999999999591e+02 -1.323300000000000125e+02 0.000000000000000000e+00 4.539300000000000068e+02 -3.696499999999999773e+02 3.082799999999999727e+02 1.981899999999999977e+02 -1.050190000000000055e+03
-4.977099999999999795e+02 -2.432999999999999829e+01 3.026899999999999977e+02 -1.110000000000000000e+02 0.000000000000000000e+00 6.034700000000000273e+02 5.972100000000000364e+02 1.320259999999999991e+03 8.209000000000000341e+01 -1.290750000000000000e+03
-4.762699999999999818e+02 -1.434000000000000057e+02 -2.814399999999999977e+02 1.789000000000000057e+02 0.000000000000000000e+00 -5.215399999999999636e+02 -6.473999999999999488e+01 1.680999999999999943e+02 4.370000000000000107e+00 7.062899999999999636e+02
9.800000000000000000e+01 -4.196000000000000085e+01 -1.634900000000000091e+02 2.208600000000000136e+02 0.000000000000000000e+00 -3.461800000000000068e+02 -2.604399999999999977e+02 -4.231800000000000068e+02 -6.695000000000000284e+01 1.355019999999999982e+03
5.084700000000000273e+02 1.318000000000000114e+02 5.907000000000000028e+01 -1.575600000000000023e+02 0.000000000000000000e+00 5.143300000000000409e+02 6.231699999999999591e+02 -3.656700000000000159e+02 -3.268799999999999955e+02 2.418100000000000023e+02
1.610300000000000011e+02 8.845000000000000284e+01 1.860999999999999943e+02 -2.347500000000000000e+02 0.000000000000000000e+00 3.001700000000000159e+02 -3.097099999999999795e+02 -5.327100000000000364e+02 9.218000000000000682e+01 -1.306039999999999964e+03
-7.170000000000000284e+01 -1.906500000000000057e+02 -7.042000000000000171e+01 -3.126999999999999957e+01 0.000000000000000000e+00 -1.012679999999999950e+03 -5.657100000000000364e+02 -1.440500000000000114e+02 -5.727000000000000313e+01 -3.301600000000000250e+02
-3.900600000000000023e+02 5.990000000000000213e+00 4.344499999999999886e+02 -5.418999999999999773e+01 0.000000000000000000e+00 -1.862700000000000102e+02 7.742999999999999545e+02 7.192400000000000091e+02 1.394300000000000068e+02 1.214800000000000040e+02
-3.328799999999999955e+02 8.731999999999999318e+01 2.276599999999999966e+02 3.336800000000000068e+02 0.000000000000000000e+00 1.190180000000000064e+03 3.971999999999999886e+01 7.687799999999999727e+02 -6.976999999999999602e+01 8.306799999999999500e+02
2.153499999999999943e+02 -2.587999999999999901e+01 -4.066100000000000136e+02 1.890399999999999920e+02 0.000000000000000000e+00 3.699399999999999977e+02 -3.660299999999999727e+02 -8.125499999999999545e+02 -9.519999999999999574e+00 2.017800000000000011e+02
6.809700000000000273e+02 -1.444999999999999929e+01 -1.958000000000000114e+02 -4.424700000000000273e+02 0.000000000000000000e+00 -1.436299999999999955e+03 -1.818899999999999864e+02 -4.348600000000000136e+02 -4.375000000000000000e+01 -8.921799999999999500e+02
-4.247999999999999687e+01 2.860000000000000142e+01 2.663100000000000023e+02 -1.790500000000000114e+02 0.000000000000000000e+00 -3.783700000000000045e+02 -3.305600000000000023e+02 3.271999999999999886e+01 8.507999999999999829e+01 -8.460000000000000853e+00
-5.276599999999999682e+02 5.885000000000000142e+01 3.407900000000000205e+02 2.348799999999999955e+02 0.000000000000000000e+00 7.403899999999999864e+02 1.583600000000000136e+02 4.077000000000000313e+01 5.870000000000000107e+00 -1.032600000000000051e+02
-1.430699999999999932e+02 -1.499300000000000068e+02 2.794100000000000250e+02 2.659300000000000068e+02 0.000000000000000000e+00 6.315099999999999909e+02 4.834300000000000068e+02 1.211930000000000064e+03 1.710600000000000023e+02 1.381599999999999966e+02
2.490000000000000000e+02 -1.671999999999999886e+01 -1.775300000000000011e+02 -2.039199999999999875e+02 0.000000000000000000e+00 2.753500000000000227e+02 -1.546100000000000136e+02 3.818899999999999864e+02 5.179999999999999716e+01 3.169100000000000250e+02
2.011299999999999955e+02 8.768000000000000682e+01 -2.676600000000000250e+02 -2.097199999999999989e+02 0.000000000000000000e+00 -1.063200000000000045e+03 -6.283400000000000318e+02 -1.860349999999999909e+03 -1.013799999999999955e+02 1.017999999999999972e+01
2.342700000000000102e+02 1.669300000000000068e+02 1.480300000000000011e+02 1.486999999999999886e+02 0.000000000000000000e+00 -7.427899999999999636e+02 -1.628999999999999915e+01 -8.299199999999999591e+02 -1.564799999999999898e+02 5.735999999999999943e+01
-1.234899999999999949e+02 -1.940200000000000102e+02 3.565899999999999750e+02 1.302599999999999909e+02 0.000000000000000000e+00 9.803799999999999955e+02 8.290599999999999454e+02 1.304970000000000027e+03 4.161200000000000045e+02 2.906499999999999773e+02
-5.019300000000000068e+02 -9.918000000000000682e+01 -5.945000000000000284e+01 3.232999999999999829e+01 0.000000000000000000e+00 1.194200000000000017e+02 5.099100000000000250e+02 4.764900000000000091e+02 -2.846000000000000085e+01 -4.941299999999999955e+02
4.578799999999999955e+02 1.792700000000000102e+02 -1.900500000000000114e+02 -2.605000000000000071e+01 0.000000000000000000e+00 9.470999999999999375e+01 -9.966699999999999591e+02 3.330699999999999932e+02 -1.628400000000000034e+02 -2.485500000000000114e+02
9.537999999999999545e+01 1.566000000000000014e+01 -1.260900000000000034e+02 -1.300000000000000000e+01 0.000000000000000000e+00 3.975899999999999750e+02 -1.703600000000000136e+02 -3.930099999999999909e+02 4.156000000000000227e+01 7.251299999999999955e+02
-2.991499999999999773e+02 -5.657000000000000028e+01 2.612500000000000000e+02 -6.285999999999999943e+01 0.000000000000000000e+00 -4.076600000000000250e+02 8.215199999999999818e+02 -1.082400000000000091e+03 1.613700000000000045e+02 4.566200000000000045e+02
-1.198499999999999943e+02 1.890600000000000023e+02 8.682999999999999829e+01 7.921999999999999886e+01 0.000000000000000000e+00 -8.935499999999999545e+02 5.589000000000000057e+01 3.334499999999999886e+02 6.114000000000000057e+01 -6.242999999999999545e+02
3.064700000000000273e+02 -2.239199999999999875e+02 -2.556599999999999966e+02 3.770000000000000284e+01 0.000000000000000000e+00 4.602300000000000182e+02 -6.355299999999999727e+02 6.179400000000000546e+02 1.378600000000000136e+02 -7.336299999999999955e+02
2.200000000000000011e-01 -4.200000000000000178e+00 -1.039200000000000017e+02 1.731500000000000057e+02 0.000000000000000000e+00 1.161210000000000036e+03 -1.305600000000000023e+02 6.628400000000000318e+02 -3.228700000000000045e+02 7.046299999999999955e+02
-3.270000000000000284e+01 -3.842000000000000171e+01 -1.572000000000000064e+01 3.037999999999999901e+01 0.000000000000000000e+00 -7.026999999999999602e+01 4.924300000000000068e+02 -2.064600000000000080e+02 1.167999999999999972e+01 4.027599999999999909e+02
-2.537400000000000091e+02 4.056000000000000227e+01 1.265300000000000011e+02 -3.613000000000000114e+02 0.000000000000000000e+00 -1.200710000000000036e+03 -2.692300000000000182e+02 -6.724700000000000273e+02 9.804999999999999716e+01 -6.595399999999999636e+02
-3.711600000000000250e+02 8.803000000000000114e+01 1.821399999999999864e+02 2.776000000000000156e+01 0.000000000000000000e+00 -2.861800000000000068e+02 -8.660999999999999943e+01 -1.430699999999999932e+02 -3.785000000000000142e+01 9.698000000000000398e+01
3.631000000000000227e+02 -5.840999999999999659e+01 -3.521899999999999977e+02 2.112700000000000102e+02 0.000000000000000000e+00 2.265200000000000102e+02 2.599700000000000273e+02 -2.000200000000000102e+02 1.426299999999999955e+02 -1.249200000000000017e+02
3.723500000000000227e+02 -1.429699999999999989e+02 -1.359099999999999966e+02 1.296000000000000085e+01 0.000000000000000000e+00 6.726200000000000045e+02 1.557800000000000011e+02 4.236100000000000136e+02 -1.748899999999999864e+02 -2.035699999999999932e+02
-4.087300000000000182e+02 1.379999999999999893e+00 2.208700000000000045e+02 -2.100399999999999920e+02 0.000000000000000000e+00 2.819800000000000182e+02 -9.016699999999999591e+02 1.447299999999999898e+02 -1.490399999999999920e+02 1.993000000000000114e+02
-1.984000000000000057e+02 5.027400000000000091e+02 3.200000000000000000e+01 -1.524499999999999886e+02 0.000000000000000000e+00 -8.817300000000000182e+02 -1.358100000000000023e+02 -2.322899999999999920e+02 -4.561999999999999744e+01 4.821399999999999864e+02
2.865099999999999909e+02 -2.724200000000000159e+02 -3.355799999999999841e+02 5.349999999999999645e+00 0.000000000000000000e+00 -3.393000000000000114e+02 7.572899999999999636e+02 -1.658799999999999955e+02 1.409999999999999964e+01 -5.891000000000000227e+02
1.711100000000000136e+02 -1.588700000000000045e+02 -1.501500000000000057e+02 -1.062399999999999949e+02 0.000000000000000000e+00 1.031730000000000018e+03 8.004000000000000625e+01 -1.435399999999999920e+02 1.179000000000000057e+02 -1.257800000000000011e+02
-1.370000000000000000e+02 4.564999999999999858e+01 1.067300000000000040e+02 2.368899999999999864e+02 0.000000000000000000e+00 5.682999999999999829e+01 -7.598999999999999773e+02 -3.195199999999999818e+02 -1.098400000000000034e+02 3.804200000000000159e+02
1.573400000000000034e+02 -4.649000000000000199e+01 6.050000000000000000e+01 1.558899999999999864e+02 0.000000000000000000e+00 -1.227119999999999891e+03 -3.115400000000000205e+02 3.499700000000000273e+02 1.119800000000000040e+02 6.668000000000000682e+01
9.773000000000000398e+01 -8.289000000000000057e+01 -4.180099999999999909e+02 -1.874000000000000057e+02 0.000000000000000000e+00 -9.931000000000000227e+01 1.103499999999999943e+02 7.098700000000000045e+02 -6.140999999999999659e+01 -4.717999999999999972e+01
3.914999999999999858e+01 2.155800000000000125e+02 -1.544600000000000080e+02 -2.107800000000000011e+02 0.000000000000000000e+00 1.356759999999999991e+03 1.028880000000000109e+03 -1.471699999999999875e+02 -2.121500000000000057e+02 5.924000000000000199e+01
-6.382999999999999829e+01 1.627199999999999989e+02 -2.310999999999999943e+02 1.409999999999999920e+00 0.000000000000000000e+00 -4.106000000000000227e+01 5.779999999999999716e+01 -1.187410000000000082e+03 1.406100000000000136e+02 6.350900000000000318e+02
-3.006499999999999773e+02 -1.630800000000000125e+02 9.425000000000000000e+01 1.659199999999999875e+02 0.000000000000000000e+00 -7.871699999999999591e+02 -4.689100000000000250e+02 -2.796200000000000045e+02 1.337899999999999920e+02 -2.605400000000000205e+02
2.136800000000000068e+02 -1.385099999999999909e+02 -4.729300000000000068e+02 4.261899999999999977e+02 0.000000000000000000e+00 -4.811999999999999744e+01 2.075999999999999943e+02 9.465800000000000409e+02 1.320500000000000114e+02 -7.297100000000000364e+02
5.187100000000000364e+02 7.618999999999999773e+01 -6.937599999999999909e+02 -2.523100000000000023e+02 0.000000000000000000e+00 4.243199999999999932e+02 -8.948000000000000398e+01 9.721299999999999955e+02 -2.110999999999999943e+01 2.801000000000000227e+02
-3.554300000000000068e+02 -2.378000000000000114e+01 -1.217399999999999949e+02 -3.223999999999999773e+02 0.000000000000000000e+00 3.192799999999999727e+02 8.143000000000000682e+01 -6.887999999999999545e+02 2.962000000000000099e+01 1.174099999999999966e+02
-9.085399999999999636e+02 1.190400000000000063e+02 2.547500000000000000e+02 -4.474000000000000199e+01 0.000000000000000000e+00 -3.058199999999999932e+02 3.816899999999999977e+02 -8.514199999999999591e+02 -2.748999999999999844e+01 3.073399999999999750e+02
2.169999999999999929e+00 -4.749000000000000199e+01 7.218999999999999773e+01 4.263700000000000045e+02 0.000000000000000000e+00 -5.208200000000000500e+02 2.632000000000000028e+01 5.463300000000000409e+02 1.841899999999999977e+02 -3.382099999999999795e+02
6.725900000000000318e+02 -8.051000000000000512e+01 -8.312100000000000364e+02 2.226500000000000057e+02 0.000000000000000000e+00 6.341599999999999682e+02 -2.812900000000000205e+02 3.869300000000000068e+02 1.052999999999999972e+02 -3.537400000000000091e+02
3.421200000000000045e+02 -1.227900000000000063e+02 -5.554500000000000455e+02 -4.536399999999999864e+02 0.000000000000000000e+00 -3.585500000000000114e+02 -2.102500000000000000e+02 2.127899999999999920e+02 -1.334399999999999977e+02 2.719800000000000182e+02
-2.372500000000000000e+02 1.494300000000000068e+02 2.245999999999999943e+02 -1.477400000000000091e+02 0.000000000000000000e+00 -3.884900000000000091e+02 -1.383799999999999955e+02 2.814599999999999795e+02 -2.289099999999999966e+02 1.668899999999999864e+02
-4.444300000000000068e+02 3.279999999999999716e+01 2.425999999999999943e+02 2.563899999999999864e+02 0.000000000000000000e+00 9.291900000000000546e+02 3.594300000000000068e+02 -4.793899999999999864e+02 1.108199999999999932e+02 -4.395299999999999727e+02
-2.512899999999999920e+02 -8.759999999999999432e+01 1.016800000000000068e+02 -4.535999999999999943e+01 0.000000000000000000e+00 -5.020000000000000284e+01 -5.245700000000000500e+02 -9.195399999999999636e+02 -2.078499999999999943e+02 -4.493700000000000045e+02
4.815400000000000205e+02 -2.278000000000000114e+01 -4.644100000000000250e+02 -1.660399999999999920e+02 0.000000000000000000e+00 -1.368119999999999891e+03 -6.754999999999999716e+01 1.731399999999999864e+02 5.874000000000000199e+01 6.341599999999999682e+02
5.425499999999999545e+02 4.879999999999999716e+01 -2.489600000000000080e+02 4.167999999999999972e+01 0.000000000000000000e+00 5.711999999999999744e+01 6.366200000000000045e+02 5.411900000000000546e+02 3.160000000000000142e+00 6.593400000000000318e+02
-2.510099999999999909e+02 -1.009300000000000068e+02 3.327799999999999727e+02 6.706999999999999318e+01 0.000000000000000000e+00 5.336900000000000546e+02 -1.374799999999999898e+02 2.998299999999999841e+02 -2.321000000000000085e+01 -7.201499999999999773e+02
-4.385899999999999750e+02 2.198000000000000043e+01 2.792099999999999795e+02 -1.562800000000000011e+02 0.000000000000000000e+00 1.601299999999999955e+02 -9.851599999999999682e+02 -2.521500000000000057e+02 1.138000000000000078e+01 -1.249200000000000045e+03
4.867999999999999972e+01 9.468000000000000682e+01 -3.310999999999999943e+01 -2.605000000000000071e+01 0.000000000000000000e+00 6.111699999999999591e+02 6.572400000000000091e+02 -4.032799999999999727e+02 2.660000000000000142e+00 1.241480000000000018e+03
1.932299999999999898e+02 2.078999999999999915e+01 -3.224800000000000182e+02 1.360500000000000114e+02 0.000000000000000000e+00 -4.355799999999999841e+02 6.930900000000000318e+02 -8.126799999999999500e+02 -2.410300000000000011e+02 1.060019999999999982e+03
1.078299999999999983e+02 -1.168700000000000045e+02 1.540999999999999943e+02 8.454999999999999716e+01 0.000000000000000000e+00 -1.092390000000000100e+03 -4.145699999999999932e+02 6.837999999999999545e+01 1.415800000000000125e+02 -6.811900000000000546e+02
1.814699999999999989e+02 1.171899999999999977e+02 1.690500000000000114e+02 -4.396000000000000085e+01 0.000000000000000000e+00 3.324200000000000159e+02 -2.362599999999999909e+02 1.654380000000000109e+03 2.876399999999999864e+02 -5.707699999999999818e+02
1.212000000000000028e+02 4.393999999999999773e+01 -1.618100000000000023e+02 -9.534000000000000341e+01 0.000000000000000000e+00 8.425700000000000500e+02 3.121000000000000227e+02 1.133000000000000007e+01 1.409199999999999875e+02 -1.152600000000000051e+02
-2.741399999999999864e+02 -1.821299999999999955e+02 4.519999999999999574e+00 1.706599999999999966e+02 0.000000000000000000e+00 1.872899999999999920e+02 4.149200000000000159e+02 -1.182319999999999936e+03 -2.679399999999999977e+02 2.799300000000000068e+02
-4.173899999999999864e+02 -1.946000000000000085e+01 2.191200000000000045e+02 2.596100000000000136e+02 0.000000000000000000e+00 2.745699999999999932e+02 -3.898299999999999841e+02 -3.633299999999999841e+02 -3.725999999999999801e+01 6.048500000000000227e+02
2.079000000000000057e+02 1.058700000000000045e+02 -5.641200000000000045e+02 2.439999999999999947e+00 0.000000000000000000e+00 -7.175599999999999454e+02 -2.056100000000000136e+02 5.671799999999999500e+02 1.849000000000000057e+02 1.059099999999999966e+02
2.347500000000000000e+02 -4.821999999999999886e+01 -1.572500000000000000e+02 -5.795000000000000000e+02 0.000000000000000000e+00 -1.347529999999999973e+03 3.021100000000000136e+02 4.226299999999999955e+02 -2.065200000000000102e+02 -2.135900000000000034e+02
-1.013400000000000034e+02 4.942999999999999972e+01 3.096000000000000085e+01 2.480000000000000000e+02 0.000000000000000000e+00 2.651399999999999864e+02 5.431799999999999500e+02 1.983499999999999943e+02 4.099000000000000199e+01 -4.812900000000000205e+02
1.017900000000000063e+02 -1.057900000000000063e+02 1.842400000000000091e+02 3.023199999999999932e+02 0.000000000000000000e+00 2.113289999999999964e+03 -7.196200000000000045e+02 2.694000000000000128e+01 9.151999999999999602e+01 -6.372999999999999687e+01
-1.642299999999999898e+02 -3.590999999999999659e+01 -2.161599999999999966e+02 -8.596999999999999886e+01 0.000000000000000000e+00 3.458100000000000023e+02 -4.502300000000000182e+02 -9.589000000000000057e+01 1.814000000000000057e+01 8.768500000000000227e+02
-1.235600000000000023e+02 -3.368999999999999773e+01 -3.321800000000000068e+02 -2.412999999999999901e+01 0.000000000000000000e+00 -1.641839999999999918e+03 4.710000000000000000e+02 -3.910199999999999818e+02 -2.743100000000000023e+02 3.253000000000000114e+02
-1.384999999999999964e+01 1.303199999999999932e+02 -4.552599999999999909e+02 -1.851200000000000045e+02 0.000000000000000000e+00 -1.005789999999999964e+03 4.347200000000000273e+02 -2.645799999999999841e+02 -8.901000000000000512e+01 -4.068199999999999932e+02
4.267900000000000205e+02 4.786999999999999744e+01 -2.822300000000000182e+02 -1.637800000000000011e+02 0.000000000000000000e+00 5.468799999999999955e+02 -4.395500000000000114e+02 -3.531100000000000136e+02 -6.074000000000000199e+01 -8.314199999999999591e+02
-3.703000000000000114e+01 -1.350200000000000102e+02 -2.636100000000000136e+02 -1.142099999999999937e+02 0.000000000000000000e+00 1.003820000000000050e+03 -1.331500000000000057e+02 4.798600000000000136e+02 1.300000000000000044e-01 1.085000000000000000e+02
-5.450499999999999545e+02 1.084300000000000068e+02 -4.997099999999999795e+02 2.676299999999999955e+02 0.000000000000000000e+00 -1.916399999999999864e+02 1.108999999999999986e+01 3.147900000000000205e+02 -4.328000000000000114e+01 6.813099999999999454e+02
1.016599999999999966e+02 -9.293000000000000682e+01 -2.803799999999999955e+02 4.479200000000000159e+02 0.000000000000000000e+00 6.412999999999999545e+01 9.570999999999999375e+01 -4.617999999999999972e+01 2.145500000000000114e+02 2.900099999999999909e+02
2.428199999999999932e+02 5.122999999999999687e+01 -4.270000000000000000e+02 2.155999999999999872e+01 0.000000000000000000e+00 -2.464199999999999875e+02 -3.434100000000000250e+02 -3.675199999999999818e+02 -1.666399999999999864e+02 -4.363700000000000045e+02
2.601800000000000068e+02 1.992999999999999972e+01 -7.098700000000000045e+02 -5.043600000000000136e+02 0.000000000000000000e+00 -4.216499999999999773e+02 1.891299999999999955e+02 -1.566399999999999864e+02 -4.393999999999999773e+01 -7.940999999999999659e+01
-8.948999999999999488e+01 -4.206000000000000227e+01 -3.059700000000000273e+02 -3.614900000000000091e+02 0.000000000000000000e+00 -3.105500000000000114e+02 3.323700000000000045e+02 -2.734399999999999977e+02 1.553300000000000125e+02 -2.021299999999999955e+02
-2.674300000000000068e+02 3.878000000000000114e+01 -4.446499999999999773e+02 4.450799999999999841e+02 0.000000000000000000e+00 1.169339999999999918e+03 -2.235500000000000114e+02 1.046539999999999964e+03 3.978000000000000114e+01 1.303199999999999932e+02
-4.419499999999999886e+02 -5.317000000000000171e+01 -4.250600000000000023e+02 6.191699999999999591e+02 0.000000000000000000e+00 -3.928999999999999773e+02 -3.495699999999999932e+02 2.194699999999999989e+02 -3.232999999999999829e+01 -2.774599999999999795e+02
3.255199999999999818e+02 -4.979999999999999716e+01 -7.321499999999999773e+02 -2.222899999999999920e+02 0.000000000000000000e+00 -4.397799999999999727e+02 1.969199999999999875e+02 -7.687899999999999636e+02 1.682500000000000000e+02 3.707400000000000091e+02
6.751900000000000546e+02 3.657000000000000028e+01 -5.664099999999999682e+02 -5.232200000000000273e+02 0.000000000000000000e+00 -6.300000000000000044e-01 6.073799999999999955e+02 -8.744700000000000273e+02 -1.565399999999999920e+02 4.782200000000000273e+02
-7.896999999999999886e+01 1.313100000000000023e+02 -3.462699999999999818e+02 -1.152600000000000051e+02 0.000000000000000000e+00 4.439900000000000091e+02 -3.148799999999999955e+02 6.958400000000000318e+02 -2.089000000000000057e+01 -5.557999999999999829e+01
-5.493799999999999955e+02 -9.076999999999999602e+01 -3.563799999999999955e+02 1.417299999999999898e+02 0.000000000000000000e+00 -4.995600000000000023e+02 -4.211499999999999773e+02 4.990899999999999750e+02 2.990600000000000023e+02 -8.088099999999999454e+02
-9.899999999999999911e-01 -3.114000000000000057e+01 -5.464099999999999682e+02 2.073499999999999943e+02 0.000000000000000000e+00 -1.480900000000000034e+02 4.650799999999999841e+02 -4.190400000000000205e+02 -2.596000000000000227e+02 -3.070500000000000114e+02
9.073999999999999488e+01 1.597000000000000064e+01 -7.311000000000000227e+02 1.665800000000000125e+02 0.000000000000000000e+00 1.471399999999999864e+02 3.361600000000000250e+02 2.740799999999999841e+02 4.009000000000000341e+01 8.059000000000000341e+01
2.061899999999999977e+02 5.935000000000000142e+01 -6.808999999999999773e+02 -2.393799999999999955e+02 0.000000000000000000e+00 2.781700000000000159e+02 -2.508000000000000114e+02 -3.429999999999999716e+01 -3.213000000000000256e+01 -7.715999999999999659e+01
1.768300000000000125e+02 -4.507999999999999829e+01 -3.721000000000000227e+02 -1.485999999999999943e+01 0.000000000000000000e+00 -2.631700000000000159e+02 -2.757500000000000000e+02 -9.073500000000000227e+02 1.684300000000000068e+02 -5.311100000000000136e+02
-2.457299999999999898e+02 -2.939999999999999858e+01 -1.532000000000000028e+01 7.603000000000000114e+01 0.000000000000000000e+00 1.115799999999999983e+02 1.651500000000000057e+02 1.640200000000000102e+02 -4.969999999999999751e+00 -1.572000000000000064e+01
-3.363899999999999864e+02 1.824699999999999989e+02 -1.486899999999999977e+02 -1.555600000000000023e+02 0.000000000000000000e+00 4.688700000000000045e+02 -2.990400000000000205e+02 1.137160000000000082e+03 -1.700000000000000122e-01 1.386100000000000136e+02
1.517500000000000000e+02 -6.271000000000000085e+01 -5.540399999999999636e+02 1.909300000000000068e+02 0.000000000000000000e+00 3.830400000000000205e+02 -1.037800000000000011e+02 3.340699999999999932e+02 2.589999999999999858e+01 -6.895000000000000284e+01
3.736200000000000045e+02 -1.718799999999999955e+02 -6.150099999999999909e+02 2.902699999999999818e+02 0.000000000000000000e+00 -1.058130000000000109e+03 4.628000000000000114e+02 -6.735499999999999545e+02 8.820000000000000284e+01 -1.650900000000000034e+02
-2.005999999999999872e+01 2.264999999999999858e+01 1.650999999999999943e+02 -1.799900000000000091e+02 0.000000000000000000e+00 -5.350599999999999454e+02 -4.215999999999999659e+01 -6.324700000000000273e+02 -6.479000000000000625e+01 -4.259999999999999787e+00
-2.138100000000000023e+02 1.949999999999999956e+00 5.303999999999999773e+02 -1.650699999999999932e+02 0.000000000000000000e+00 1.097009999999999991e+03 -7.370399999999999636e+02 -9.762000000000000455e+01 2.744999999999999929e+01 7.320000000000000284e+01
-3.018999999999999773e+02 4.624000000000000199e+01 2.215399999999999920e+02 -7.801000000000000512e+01 0.000000000000000000e+00 -2.369600000000000080e+02 -1.033499999999999943e+02 4.670500000000000114e+02 9.854000000000000625e+01 -1.569499999999999886e+02
5.004999999999999716e+01 -4.454999999999999716e+01 -2.055000000000000071e+01 1.845399999999999920e+02 0.000000000000000000e+00 -2.837699999999999818e+02 1.144230000000000018e+03 5.428300000000000409e+02 5.780000000000000249e+00 4.476999999999999886e+02
3.460500000000000114e+02 2.021000000000000085e+01 3.485199999999999818e+02 1.721699999999999875e+02 0.000000000000000000e+00 2.063899999999999864e+02 -3.360199999999999818e+02 -1.656899999999999977e+02 -3.932999999999999829e+01 1.707000000000000028e+01
7.400000000000000000e+01 3.067999999999999972e+01 7.494099999999999682e+02 -2.951299999999999955e+02 0.000000000000000000e+00 2.752400000000000091e+02 -4.580099999999999909e+02 -8.309999999999999432e+01 -5.585999999999999943e+01 -6.480900000000000318e+02
-2.736200000000000045e+02 -4.399000000000000199e+01 7.087500000000000000e+02 -6.856000000000000227e+01 0.000000000000000000e+00 -5.558500000000000227e+02 5.628099999999999454e+02 -1.159029999999999973e+03 -1.503999999999999915e+01 8.614000000000000057e+01
-2.963700000000000045e+02 -1.279099999999999966e+02 7.535900000000000318e+02 1.896200000000000045e+02 0.000000000000000000e+00 -5.170000000000000284e+01 -1.837100000000000080e+02 1.215499999999999972e+02 4.546000000000000085e+01 8.552200000000000273e+02
2.072599999999999909e+02 1.122500000000000000e+02 7.746100000000000136e+02 7.578000000000000114e+01 0.000000000000000000e+00 -5.364000000000000057e+01 -7.399700000000000273e+02 5.800700000000000500e+02 1.269599999999999937e+02 -2.194699999999999989e+02
4.073700000000000045e+02 -2.330999999999999872e+01 8.637899999999999636e+02 -1.099500000000000028e+02 0.000000000000000000e+00 3.463600000000000136e+02 5.613999999999999773e+02 5.749900000000000091e+02 9.956999999999999318e+01 -9.165299999999999727e+02
-5.419999999999999929e+00 7.629999999999999716e+01 1.192329999999999927e+03 4.500999999999999801e+01 0.000000000000000000e+00 2.085000000000000000e+02 2.842500000000000000e+02 3.288000000000000256e+01 -1.125499999999999972e+02 -8.456000000000000227e+01
-2.733100000000000023e+02 -1.863199999999999932e+02 1.030099999999999909e+03 -5.511999999999999744e+01 0.000000000000000000e+00 -3.966299999999999955e+02 1.589900000000000091e+02 -6.740800000000000409e+02 -2.037299999999999898e+02 6.230000000000000000e+02
-2.100999999999999943e+02 1.322800000000000011e+02 7.899800000000000182e+02 -9.992000000000000171e+01 0.000000000000000000e+00 -3.167500000000000000e+02 -2.182000000000000028e+01 -3.060099999999999909e+02 1.987199999999999989e+02 3.111200000000000045e+02
1.909099999999999966e+02 1.336999999999999922e+01 1.191940000000000055e+03 2.917699999999999818e+02 0.000000000000000000e+00 -8.609999999999999432e+01 -8.197200000000000273e+02 6.019999999999999574e+00 -3.819999999999999840e+00 -3.078799999999999955e+02
1.746899999999999977e+02 -2.033400000000000034e+02 1.041970000000000027e+03 -4.535000000000000142e+01 0.000000000000000000e+00 8.238500000000000227e+02 -6.147500000000000000e+02 3.328399999999999750e+02 -2.782200000000000273e+02 -1.929099999999999966e+02
1.293600000000000136e+02 1.355800000000000125e+02 9.704099999999999682e+02 -2.008100000000000023e+02 0.000000000000000000e+00 5.418700000000000045e+02 1.369819999999999936e+03 4.677200000000000273e+02 -1.173299999999999983e+02 9.349999999999999645e+00
-1.857999999999999829e+01 1.721699999999999875e+02 9.131599999999999682e+02 2.376000000000000156e+01 0.000000000000000000e+00 -5.318099999999999454e+02 8.885900000000000318e+02 2.686999999999999886e+02 2.583399999999999750e+02 -2.257999999999999829e+01
-2.740500000000000114e+02 -3.632999999999999829e+01 8.096499999999999773e+02 1.030799999999999983e+02 0.000000000000000000e+00 -1.165670000000000073e+03 -1.037200000000000045e+03 -1.335069999999999936e+03 5.749000000000000199e+01 -5.160000000000000142e+01
-2.073799999999999955e+02 -1.990200000000000102e+02 1.023750000000000000e+03 1.044899999999999949e+02 0.000000000000000000e+00 5.188400000000000318e+02 -7.912999999999999545e+02 -5.667000000000000171e+01 1.896000000000000085e+01 3.605299999999999727e+02
4.327400000000000091e+02 8.270000000000000284e+01 7.400800000000000409e+02 7.464000000000000057e+01 0.000000000000000000e+00 5.553200000000000500e+02 1.275100000000000051e+02 1.477009999999999991e+03 -4.932000000000000028e+01 4.707699999999999818e+02
2.698299999999999841e+02 8.504000000000000625e+01 4.322799999999999727e+02 -1.038700000000000045e+02 0.000000000000000000e+00 -1.203900000000000006e+02 1.156099999999999909e+03 -4.004999999999999716e+01 -1.523000000000000043e+01 -8.852799999999999727e+02
-3.938000000000000114e+02 -5.796000000000000085e+01 4.393500000000000227e+02 -2.271500000000000057e+02 0.000000000000000000e+00 -5.557100000000000364e+02 1.893400000000000034e+02 -1.334029999999999973e+03 -2.462599999999999909e+02 -4.885199999999999818e+02
-1.739099999999999966e+02 -3.309000000000000341e+01 5.540399999999999636e+02 -5.242000000000000171e+01 0.000000000000000000e+00 3.321399999999999864e+02 -9.056699999999999591e+02 1.716200000000000045e+02 1.869900000000000091e+02 7.287799999999999727e+02
1.187500000000000000e+02 3.356000000000000227e+01 5.045400000000000205e+02 2.019799999999999898e+02 0.000000000000000000e+00 6.117200000000000273e+02 2.749100000000000250e+02 8.902699999999999818e+02 4.044499999999999886e+02 5.160900000000000318e+02
9.640000000000000568e+00 -1.759300000000000068e+02 1.788199999999999932e+02 2.086599999999999966e+02 0.000000000000000000e+00 -9.901299999999999955e+02 1.277999999999999972e+02 -3.979999999999999716e+01 -3.119100000000000250e+02 -3.955299999999999727e+02
-4.845000000000000284e+01 9.981999999999999318e+01 2.262999999999999901e+01 5.593999999999999773e+01 0.000000000000000000e+00 5.955299999999999727e+02 2.917699999999999818e+02 1.531399999999999864e+02 -3.650899999999999750e+02 -5.870299999999999727e+02
2.775000000000000000e+01 1.632199999999999989e+02 5.968999999999999773e+01 -3.822599999999999909e+02 0.000000000000000000e+00 2.068499999999999943e+02 3.856000000000000227e+01 -8.698600000000000136e+02 1.050900000000000034e+02 1.518400000000000034e+02
1.094699999999999989e+02 -1.246899999999999977e+02 -6.970999999999999375e+01 -1.759900000000000091e+02 0.000000000000000000e+00 -7.040900000000000318e+02 -7.058300000000000409e+02 -3.419499999999999886e+02 1.558000000000000114e+02 2.466399999999999864e+02
-6.022999999999999687e+01 -8.712000000000000455e+01 -1.803400000000000034e+02 1.639900000000000091e+02 0.000000000000000000e+00 1.680000000000000071e+01 3.451299999999999955e+02 7.273799999999999955e+02 1.179599999999999937e+02 5.778999999999999915e+01
-2.007999999999999829e+01 -1.475999999999999979e+01 5.914999999999999858e+01 3.425400000000000205e+02 0.000000000000000000e+00 4.707000000000000028e+01 3.946499999999999773e+02 3.701399999999999864e+02 -4.314999999999999858e+01 -8.081999999999999318e+01
2.948000000000000043e+01 1.374300000000000068e+02 -3.100099999999999909e+02 1.243599999999999994e+02 0.000000000000000000e+00 5.485199999999999818e+02 -4.329499999999999886e+02 1.646299999999999955e+02 1.742000000000000171e+01 9.662999999999999545e+01
1.211899999999999977e+02 -4.785999999999999943e+01 -6.087999999999999545e+02 -4.263899999999999864e+02 0.000000000000000000e+00 -2.191699999999999875e+02 -5.682999999999999545e+02 -8.462100000000000364e+02 -1.879999999999999893e+00 -2.547700000000000102e+02
8.929999999999999716e+01 1.253199999999999932e+02 -4.711800000000000068e+02 -2.517999999999999972e+01 0.000000000000000000e+00 -8.267200000000000273e+02 2.020200000000000102e+02 -9.696999999999999886e+01 -5.682000000000000028e+01 5.163000000000000256e+01
-1.860699999999999932e+02 -6.837000000000000455e+01 -1.274599999999999937e+02 2.215399999999999920e+02 0.000000000000000000e+00 9.389500000000000455e+02 6.598300000000000409e+02 2.360900000000000034e+02 7.901000000000000512e+01 -8.518000000000000682e+01
-1.547899999999999920e+02 -1.346899999999999977e+02 -7.141799999999999500e+02 -2.015399999999999920e+02 0.000000000000000000e+00 -2.283100000000000023e+02 1.729499999999999886e+02 -5.268999999999999773e+01 6.178999999999999915e+01 3.249599999999999795e+02
2.652400000000000091e+02 9.610999999999999943e+01 -6.428600000000000136e+02 -6.020000000000000284e+01 0.000000000000000000e+00 -6.433400000000000318e+02 -7.353099999999999454e+02 -1.367899999999999920e+02 -1.087199999999999989e+02 8.643000000000000682e+01
1.661399999999999864e+02 -5.019999999999999574e+00 -6.498700000000000045e+02 3.479999999999999716e+01 0.000000000000000000e+00 1.086769999999999982e+03 2.042800000000000011e+02 3.617599999999999909e+02 6.437999999999999545e+01 9.750000000000000000e+00
-2.958199999999999932e+02 1.323499999999999943e+02 -4.186399999999999864e+02 5.771000000000000085e+01 0.000000000000000000e+00 -1.578300000000000125e+02 3.350199999999999818e+02 -2.891999999999999886e+02 -1.570300000000000011e+02 -9.171999999999999886e+01
-2.117000000000000171e+01 1.875000000000000000e+01 -4.228199999999999932e+02 7.379999999999999716e+01 0.000000000000000000e+00 -4.190899999999999750e+02 -1.340300000000000011e+02 -3.491299999999999955e+02 1.531399999999999864e+02 -3.865199999999999818e+02
2.534499999999999886e+02 -1.753799999999999955e+02 -6.896599999999999682e+02 8.554000000000000625e+01 0.000000000000000000e+00 -5.367000000000000171e+01 1.657199999999999989e+02 1.191299999999999955e+02 1.729699999999999989e+02 1.140300000000000011e+02
-7.604999999999999716e+01 -1.242999999999999972e+01 -7.332899999999999636e+02 -9.650000000000000000e+01 0.000000000000000000e+00 -3.065400000000000205e+02 7.182699999999999818e+02 6.287300000000000182e+02 -9.240999999999999659e+01 2.673399999999999750e+02
-4.224000000000000199e+01 1.635999999999999943e+02 -3.079499999999999886e+02 3.153000000000000114e+01 0.000000000000000000e+00 6.677899999999999636e+02 -5.323500000000000227e+02 -2.231500000000000057e+02 -1.538799999999999955e+02 3.880199999999999818e+02
-1.987800000000000011e+02 8.187000000000000455e+01 -3.208500000000000227e+02 -1.610999999999999943e+01 0.000000000000000000e+00 2.444000000000000128e+01 -1.010299999999999955e+03 1.350099999999999909e+02 1.023499999999999943e+02 -2.816000000000000227e+02
4.418999999999999773e+01 5.813000000000000256e+01 -4.787799999999999727e+02 -3.896000000000000085e+01 0.000000000000000000e+00 -1.656500000000000057e+02 3.531700000000000159e+02 2.492299999999999898e+02 1.594799999999999898e+02 -5.906100000000000136e+02
1.908600000000000136e+02 -2.708799999999999955e+02 -3.402300000000000182e+02 5.900000000000000355e+00 0.000000000000000000e+00 -3.719599999999999795e+02 9.958200000000000500e+02 -3.154300000000000068e+02 -1.236999999999999922e+01 -1.873899999999999864e+02
-8.423999999999999488e+01 -1.055199999999999960e+02 -1.296800000000000068e+02 9.346999999999999886e+01 0.000000000000000000e+00 1.703700000000000045e+02 -4.836999999999999744e+01 -7.668200000000000500e+02 -3.825400000000000205e+02 7.225099999999999909e+02
-1.951399999999999864e+02 1.800099999999999909e+02 -3.003799999999999955e+02 8.448999999999999488e+01 0.000000000000000000e+00 4.620000000000000107e+00 -8.312200000000000273e+02 3.197799999999999727e+02 -8.696999999999999886e+01 2.116399999999999864e+02
1.636599999999999966e+02 -5.956000000000000227e+01 1.299300000000000068e+02 -1.695500000000000114e+02 0.000000000000000000e+00 -9.637000000000000455e+01 -5.425000000000000000e+02 9.826900000000000546e+02 -7.900000000000000355e-01 -2.458499999999999943e+02
3.385000000000000142e+01 -3.920000000000000284e+01 5.564199999999999591e+02 -4.230299999999999727e+02 0.000000000000000000e+00 6.457100000000000364e+02 5.162999999999999545e+02 -4.516399999999999864e+02 2.603999999999999915e+01 -2.543799999999999955e+02
-1.329799999999999898e+02 -4.482000000000000028e+01 6.612599999999999909e+02 2.298300000000000125e+02 0.000000000000000000e+00 -7.154900000000000091e+02 -1.295900000000000034e+02 -3.069900000000000091e+02 1.243100000000000023e+02 -3.820899999999999750e+02
1.217800000000000011e+02 2.055000000000000071e+01 1.635200000000000102e+02 4.335699999999999932e+02 0.000000000000000000e+00 -3.672900000000000205e+02 3.951999999999999886e+02 -3.500600000000000023e+02 3.310000000000000142e+01 2.829100000000000250e+02
-1.678999999999999915e+01 -5.197999999999999687e+01 7.168300000000000409e+02 -1.082300000000000040e+02 0.000000000000000000e+00 1.310000000000000000e+02 7.904000000000000625e+01 -2.475099999999999909e+02 9.198000000000000398e+01 3.929800000000000182e+02
-6.185999999999999943e+01 1.264000000000000057e+01 9.117999999999999545e+02 -1.873700000000000045e+02 0.000000000000000000e+00 -3.793399999999999750e+02 -5.387000000000000455e+02 1.056130000000000109e+03 -2.948700000000000045e+02 4.629999999999999893e+00
-7.629999999999999893e+00 1.219399999999999977e+02 1.150930000000000064e+03 -8.726000000000000512e+01 0.000000000000000000e+00 1.127869999999999891e+03 1.085900000000000034e+02 2.178999999999999915e+01 -3.692000000000000171e+01 -9.990000000000000568e+01
-7.375000000000000000e+01 6.962999999999999545e+01 1.065359999999999900e+03 -4.182000000000000028e+01 0.000000000000000000e+00 1.853499999999999943e+02 2.128600000000000136e+02 -8.505000000000000000e+02 2.387500000000000000e+02 -5.439000000000000057e+01
1.077500000000000000e+02 -2.019099999999999966e+02 1.064210000000000036e+03 3.514999999999999858e+01 0.000000000000000000e+00 -8.012000000000000455e+02 2.248000000000000114e+02 -1.647100000000000080e+02 1.160300000000000011e+02 -1.582100000000000080e+02
-9.512999999999999545e+01 1.290000000000000036e+01 1.325670000000000073e+03 4.212200000000000273e+02 0.000000000000000000e+00 -7.157599999999999909e+02 4.077500000000000000e+02 5.211000000000000227e+02 4.980000000000000426e+00 2.548000000000000043e+01
4.638899999999999864e+02 3.464000000000000057e+01 1.099039999999999964e+03 1.049000000000000057e+02 0.000000000000000000e+00 7.272100000000000364e+02 -5.556100000000000136e+02 -1.921999999999999886e+01 -4.217999999999999972e+01 5.947899999999999636e+02
1.078299999999999983e+02 1.810999999999999943e+01 1.248690000000000055e+03 -5.292100000000000364e+02 0.000000000000000000e+00 1.272980000000000018e+03 -1.028599999999999994e+02 1.429900000000000091e+02 -1.108400000000000034e+02 -4.833899999999999864e+02
-4.604599999999999795e+02 1.050900000000000034e+02 1.379849999999999909e+03 -8.017000000000000171e+01 0.000000000000000000e+00 -8.685800000000000409e+02 3.934300000000000068e+02 9.954000000000000625e+01 1.411200000000000045e+02 7.945000000000000284e+01
-3.487200000000000273e+02 -2.864999999999999858e+01 1.121559999999999945e+03 7.598000000000000398e+01 0.000000000000000000e+00 -7.409700000000000273e+02 -1.676299999999999955e+02 -4.042500000000000000e+02 7.415000000000000568e+01 6.612000000000000455e+01
3.205899999999999750e+02 -1.358499999999999943e+02 9.426599999999999682e+02 2.717200000000000273e+02 0.000000000000000000e+00 1.793899999999999864e+02 7.515000000000000568e+01 -1.760099999999999909e+02 4.050000000000000000e+01 1.158199999999999932e+02
4.024499999999999886e+02 -2.348000000000000043e+01 7.905000000000000000e+02 2.403600000000000136e+02 0.000000000000000000e+00 3.628899999999999864e+02 7.400000000000000355e+00 3.415199999999999818e+02 4.860999999999999943e+01 -3.642000000000000171e+01
-2.155000000000000071e+01 -1.837999999999999901e+01 7.770099999999999909e+02 -2.580799999999999841e+02 0.000000000000000000e+00 5.023199999999999932e+02 -2.781999999999999886e+02 1.064759999999999991e+03 -4.070000000000000284e+00 -3.262300000000000182e+02
-6.169299999999999500e+02 4.071000000000000085e+01 9.737400000000000091e+02 -2.986000000000000227e+02 0.000000000000000000e+00 -2.373499999999999943e+02 -2.317500000000000000e+02 -7.043099999999999454e+02 -7.568000000000000682e+01 -1.416800000000000068e+02
-3.476999999999999886e+02 9.765000000000000568e+01 8.020800000000000409e+02 -1.900900000000000034e+02 0.000000000000000000e+00 -1.180999999999999943e+02 2.493199999999999932e+02 -1.004570000000000050e+03 -2.908199999999999932e+02 3.763500000000000227e+02
3.307200000000000273e+02 -2.878000000000000114e+01 2.752300000000000182e+02 1.066099999999999994e+02 0.000000000000000000e+00 -4.714499999999999886e+02 5.619400000000000546e+02 3.836399999999999864e+02 4.809900000000000091e+02 3.104800000000000182e+02
3.713700000000000045e+02 -1.807899999999999920e+02 -3.313000000000000256e+01 5.318600000000000136e+02 0.000000000000000000e+00 -4.425299999999999727e+02 -3.076200000000000045e+02 7.013300000000000409e+02 -5.709000000000000341e+01 -2.863700000000000045e+02
3.453700000000000045e+02 7.519999999999999574e+00 7.745000000000000284e+01 1.974300000000000068e+02 0.000000000000000000e+00 5.199500000000000455e+02 -5.471100000000000136e+02 -9.090999999999999659e+01 -2.398199999999999932e+02 -3.564700000000000273e+02
-1.714799999999999898e+02 5.467999999999999972e+01 2.727900000000000205e+02 -6.230299999999999727e+02 0.000000000000000000e+00 3.603000000000000114e+02 1.260799999999999983e+02 -3.504300000000000068e+02 -1.514699999999999989e+02 -3.686299999999999955e+02
-6.864900000000000091e+02 -7.120000000000000107e+00 2.964000000000000057e+01 -4.156600000000000250e+02 0.000000000000000000e+00 3.606299999999999955e+02 -4.739000000000000057e+01 -3.682300000000000182e+02 -1.832000000000000028e+01 5.536399999999999864e+02
-5.772999999999999687e+01 4.384000000000000341e+01 -3.700099999999999909e+02 4.423199999999999932e+02 0.000000000000000000e+00 -2.227299999999999898e+02 3.634100000000000250e+02 -6.943000000000000682e+01 1.235999999999999943e+02 6.822999999999999545e+02
7.424099999999999682e+02 6.132999999999999829e+01 -5.506200000000000045e+02 3.625299999999999727e+02 0.000000000000000000e+00 -1.116079999999999927e+03 2.824200000000000159e+02 1.429699999999999989e+02 1.071299999999999955e+02 -2.941399999999999864e+02
2.178000000000000114e+02 -1.627100000000000080e+02 -6.331100000000000136e+02 -1.000000000000000000e+00 0.000000000000000000e+00 2.374000000000000057e+02 -4.560799999999999841e+02 7.059999999999999432e+01 -1.712700000000000102e+02 -5.835599999999999454e+02
-1.859099999999999966e+02 1.068299999999999983e+02 -4.824700000000000273e+02 -2.953199999999999932e+02 0.000000000000000000e+00 6.653600000000000136e+02 -8.251000000000000512e+01 5.909299999999999500e+02 6.684999999999999432e+01 6.978000000000000114e+01
-4.752500000000000000e+02 -8.550000000000000711e+00 -4.583100000000000023e+02 -2.827500000000000000e+02 0.000000000000000000e+00 3.144300000000000068e+02 4.016600000000000250e+02 -1.330900000000000034e+02 -2.162000000000000099e+01 3.526700000000000159e+02
-3.768999999999999773e+01 -3.599000000000000199e+01 -6.827500000000000000e+02 2.536899999999999977e+02 0.000000000000000000e+00 1.896599999999999966e+02 1.726599999999999966e+02 -1.009019999999999982e+03 1.882000000000000028e+01 3.784900000000000091e+02
3.138700000000000045e+02 1.188799999999999955e+02 -7.073600000000000136e+02 2.930600000000000023e+02 0.000000000000000000e+00 -4.567200000000000273e+02 4.122999999999999687e+01 2.452199999999999989e+02 1.350000000000000000e+02 -3.103100000000000023e+02
6.575000000000000000e+01 -6.687000000000000455e+01 -1.122990000000000009e+03 -1.439399999999999977e+02 0.000000000000000000e+00 -7.249299999999999500e+02 -4.078899999999999864e+02 1.089509999999999991e+03 -1.421000000000000085e+01 -3.854200000000000159e+02
-8.159000000000000341e+01 -1.037199999999999989e+02 -8.922999999999999545e+02 -8.495999999999999375e+01 0.000000000000000000e+00 5.661799999999999500e+02 2.566000000000000014e+01 3.402000000000000313e+01 -8.832999999999999829e+01 5.284299999999999500e+02
2.339999999999999858e+01 -1.083499999999999943e+02 -4.568899999999999864e+02 1.034899999999999949e+02 0.000000000000000000e+00 1.106299999999999955e+02 5.449199999999999591e+02 -1.170319999999999936e+03 1.578600000000000136e+02 -6.424600000000000364e+02
-1.875600000000000023e+02 3.257599999999999909e+02 -6.771000000000000227e+02 -6.043999999999999773e+01 0.000000000000000000e+00 4.331399999999999864e+02 1.063900000000000006e+02 2.225399999999999920e+02 -2.374399999999999977e+02 -8.668999999999999773e+01
-3.889300000000000068e+02 -2.732000000000000028e+01 -9.836599999999999682e+02 -2.265300000000000011e+02 0.000000000000000000e+00 -3.999100000000000250e+02 -3.719200000000000159e+02 1.226380000000000109e+03 -1.919799999999999898e+02 3.727400000000000091e+02
4.724900000000000091e+02 -1.493700000000000045e+02 -1.007929999999999950e+03 3.462900000000000205e+02 0.000000000000000000e+00 -6.794700000000000273e+02 -5.651900000000000546e+02 -8.560299999999999727e+02 -1.572000000000000064e+01 -1.402199999999999989e+02
3.277099999999999795e+02 -5.725000000000000000e+01 -1.105210000000000036e+03 -1.167999999999999972e+01 0.000000000000000000e+00 2.039399999999999977e+02 -2.542000000000000171e+01 -8.655700000000000500e+02 1.799499999999999886e+02 5.942999999999999545e+02
-1.241099999999999994e+02 1.532400000000000091e+02 -6.299700000000000273e+02 -7.376999999999999602e+01 0.000000000000000000e+00 3.906999999999999886e+02 5.975900000000000318e+02 4.568999999999999773e+02 6.787000000000000455e+01 -2.563600000000000136e+02
-4.879700000000000273e+02 -7.679999999999999716e+00 -3.757799999999999727e+02 -2.099300000000000068e+02 0.000000000000000000e+00 -1.910000000000000142e+01 1.816200000000000045e+02 4.037300000000000182e+02 4.178000000000000114e+01 -7.623099999999999454e+02
-1.900000000000000000e+01 1.889000000000000057e+01 -1.032509999999999991e+03 -9.834000000000000341e+01 0.000000000000000000e+00 5.159199999999999591e+02 -3.452900000000000205e+02 5.437200000000000273e+02 5.989000000000000057e+01 -1.416299999999999955e+02
4.572300000000000182e+02 -1.263299999999999983e+02 -1.321440000000000055e+03 1.976999999999999886e+02 0.000000000000000000e+00 -6.661799999999999500e+02 -3.916499999999999773e+02 -1.311779999999999973e+03 -1.725000000000000000e+01 7.477100000000000364e+02
2.872400000000000091e+02 8.548999999999999488e+01 -7.978300000000000409e+02 4.617599999999999909e+02 0.000000000000000000e+00 -5.993099999999999454e+02 2.694700000000000273e+02 -3.250899999999999750e+02 7.693000000000000682e+01 1.500399999999999920e+02
-3.092400000000000091e+02 4.227000000000000313e+01 -2.008199999999999932e+02 -2.255999999999999872e+01 0.000000000000000000e+00 3.567200000000000273e+02 -4.469999999999999751e+00 9.855099999999999909e+02 1.716100000000000136e+02 -1.288899999999999864e+02
-3.468500000000000227e+02 1.300000000000000044e+00 -3.512300000000000182e+02 -5.295700000000000500e+02 0.000000000000000000e+00 1.135039999999999964e+03 -3.827000000000000313e+01 1.785699999999999932e+02 6.801000000000000512e+01 -3.178600000000000136e+02
2.000699999999999932e+02 -2.803000000000000114e+01 -7.461100000000000136e+02 -2.566200000000000045e+02 0.000000000000000000e+00 -4.848999999999999773e+02 1.035309999999999945e+03 -6.118300000000000409e+02 -1.281699999999999875e+02 -3.325099999999999909e+02
1.892299999999999898e+02 -6.177000000000000313e+01 -6.594400000000000546e+02 5.929700000000000273e+02 0.000000000000000000e+00 -5.552899999999999636e+02 -8.287200000000000273e+02 4.000000000000000000e+00 -8.550000000000000711e+00 1.653000000000000114e+01
1.889999999999999902e+00 9.417000000000000171e+01 -2.252100000000000080e+02 4.071299999999999955e+02 0.000000000000000000e+00 3.128999999999999915e+01 -6.340000000000000000e+02 2.224199999999999875e+02 1.870399999999999920e+02 6.614900000000000091e+02
-1.186400000000000006e+02 -8.451999999999999602e+01 -6.164000000000000057e+01 -1.463000000000000114e+02 0.000000000000000000e+00 -1.336999999999999886e+02 8.664800000000000182e+02 -2.459999999999999964e+00 5.277000000000000313e+01 4.296299999999999955e+02
-1.234999999999999964e+01 1.114699999999999989e+02 -2.190699999999999932e+02 -3.401200000000000045e+02 0.000000000000000000e+00 1.957199999999999989e+02 2.149600000000000080e+02 -1.211299999999999955e+02 -1.900999999999999943e+02 -5.346499999999999773e+02
1.484600000000000080e+02 5.703000000000000114e+01 -2.864999999999999858e+01 -3.436899999999999977e+02 0.000000000000000000e+00 6.749600000000000364e+02 1.156700000000000017e+02 -3.268799999999999955e+02 -2.208499999999999943e+02 -4.980600000000000023e+02
-7.934999999999999432e+01 -3.799000000000000199e+01 -5.371100000000000136e+02 2.199199999999999875e+02 0.000000000000000000e+00 -1.155499999999999972e+02 -2.663600000000000136e+02 6.643300000000000409e+02 6.679999999999999716e+01 -4.050000000000000000e+01
-5.576900000000000546e+02 -3.173999999999999773e+02 -1.866899999999999977e+02 2.762799999999999727e+02 0.000000000000000000e+00 -1.472960000000000036e+03 -5.056499999999999773e+02 2.480300000000000011e+02 6.064999999999999858e+01 3.718199999999999932e+02
4.770799999999999841e+02 -5.999999999999999778e-01 5.029999999999999716e+01 1.216800000000000068e+02 0.000000000000000000e+00 9.190499999999999545e+02 5.715999999999999659e+01 -1.048650000000000091e+03 -8.834000000000000341e+01 -1.068499999999999943e+02
4.566399999999999864e+02 1.947100000000000080e+02 -3.189999999999999947e+00 6.639000000000000057e+01 0.000000000000000000e+00 8.305000000000000000e+02 4.365799999999999841e+02 8.466799999999999500e+02 1.159899999999999949e+02 -8.599999999999999867e-01
-5.142300000000000182e+02 1.135300000000000011e+02 -4.969999999999999751e+00 -3.882699999999999818e+02 0.000000000000000000e+00 -4.753299999999999841e+02 -5.032999999999999829e+01 -3.191700000000000159e+02 -1.995800000000000125e+02 3.201299999999999955e+02
-3.864300000000000068e+02 -1.632700000000000102e+02 -1.031800000000000068e+02 -2.935400000000000205e+02 0.000000000000000000e+00 -1.452800000000000011e+02 -1.405099999999999909e+02 -7.793200000000000500e+02 -7.564000000000000057e+01 -3.039300000000000068e+02
3.898899999999999864e+02 4.014000000000000057e+01 -3.621999999999999886e+02 4.581700000000000159e+02 0.000000000000000000e+00 -2.307199999999999989e+02 -7.763700000000000045e+02 1.108279999999999973e+03 1.614000000000000057e+02 -2.241999999999999886e+02
3.300600000000000023e+02 -3.105000000000000071e+01 -3.103799999999999955e+02 4.070600000000000023e+02 0.000000000000000000e+00 -3.272599999999999909e+02 -2.926299999999999955e+02 3.098299999999999841e+02 1.541000000000000014e+01 -2.892900000000000205e+02
-1.016500000000000057e+02 -1.411299999999999955e+02 -1.311599999999999966e+02 -2.967400000000000091e+02 0.000000000000000000e+00 5.320199999999999818e+02 1.058380000000000109e+03 -8.566499999999999773e+02 -1.406000000000000050e+01 2.178700000000000045e+02
-2.357500000000000000e+02 5.121000000000000085e+01 -3.265600000000000023e+02 -4.200000000000000000e+02 0.000000000000000000e+00 1.762199999999999989e+02 -4.897999999999999687e+01 -6.563600000000000136e+02 1.251500000000000057e+02 7.934400000000000546e+02
1.730999999999999872e+01 1.558799999999999955e+02 -4.269599999999999795e+02 1.959999999999999964e+00 0.000000000000000000e+00 -5.114900000000000091e+02 -2.915099999999999909e+02 4.948399999999999750e+02 -2.748000000000000043e+01 -4.467000000000000171e+01
1.598199999999999932e+02 -9.498999999999999488e+01 -8.865599999999999454e+02 4.197400000000000091e+02 0.000000000000000000e+00 8.734000000000000341e+01 5.689999999999999858e+01 6.503799999999999955e+02 9.476000000000000512e+01 -6.279500000000000455e+02
6.557999999999999829e+01 -9.954000000000000625e+01 -7.956100000000000136e+02 -8.315999999999999659e+01 0.000000000000000000e+00 -3.563000000000000256e+01 5.459000000000000341e+01 9.326000000000000512e+01 6.820000000000000284e+01 -2.772200000000000273e+02
-1.603600000000000136e+02 -1.284999999999999964e+01 -1.875900000000000034e+02 -1.893199999999999932e+02 0.000000000000000000e+00 1.195300000000000011e+02 2.146999999999999886e+01 -4.106499999999999773e+02 -6.211999999999999744e+01 4.436800000000000068e+02
-7.039000000000000057e+01 1.425800000000000125e+02 -4.993999999999999773e+02 1.953999999999999915e+01 0.000000000000000000e+00 2.095800000000000125e+02 1.762299999999999898e+02 -4.903100000000000023e+02 2.996700000000000159e+02 3.081499999999999773e+02
1.391500000000000057e+02 -3.546000000000000085e+01 -5.131100000000000136e+02 -1.009000000000000057e+02 0.000000000000000000e+00 1.110999999999999943e+02 6.173700000000000045e+02 -1.659199999999999875e+02 -9.621999999999999886e+01 -6.015999999999999659e+01
-2.246200000000000045e+02 3.500000000000000000e+01 -8.708600000000000136e+02 1.303700000000000045e+02 0.000000000000000000e+00 -8.539900000000000091e+02 -1.841800000000000068e+02 5.947699999999999818e+02 -7.228000000000000114e+01 1.534999999999999964e+01
-7.943999999999999773e+01 -6.339000000000000057e+01 -2.176100000000000136e+02 -5.529999999999999716e+01 0.000000000000000000e+00 2.887500000000000000e+02 -1.066700000000000045e+03 8.308300000000000409e+02 -8.793000000000000682e+01 -1.240999999999999943e+02
2.564499999999999886e+02 1.585999999999999943e+01 9.550000000000000711e+00 6.465999999999999659e+01 0.000000000000000000e+00 6.516100000000000136e+02 1.998899999999999864e+02 -5.808300000000000409e+02 2.168300000000000125e+02 -6.122599999999999909e+02
2.948399999999999750e+02 2.901000000000000156e+01 -1.178999999999999915e+01 -3.850000000000000089e+00 0.000000000000000000e+00 -6.231200000000000045e+02 1.160910000000000082e+03 -6.307599999999999909e+02 -9.580000000000000071e+00 3.620699999999999932e+02
-3.677099999999999795e+02 -6.617000000000000171e+01 5.984000000000000341e+01 -6.431000000000000227e+01 0.000000000000000000e+00 1.803999999999999915e+01 -6.125900000000000318e+02 4.767099999999999795e+02 -1.823300000000000125e+02 4.360600000000000023e+02
-1.025999999999999979e+01 1.340900000000000034e+02 3.294100000000000250e+02 1.024099999999999966e+02 0.000000000000000000e+00 4.120600000000000023e+02 -5.833799999999999955e+02 -1.350000000000000000e+01 -3.133999999999999986e+01 -2.308700000000000045e+02
3.413299999999999841e+02 -6.412000000000000455e+01 1.086700000000000017e+02 2.939999999999999947e+00 0.000000000000000000e+00 2.488799999999999955e+02 -9.923999999999999488e+01 -1.703400000000000034e+02 1.372700000000000102e+02 -2.578100000000000023e+02
-3.507400000000000091e+02 -2.505999999999999872e+01 -4.471999999999999886e+01 -1.172800000000000011e+02 0.000000000000000000e+00 -1.435400000000000091e+03 5.524800000000000182e+02 4.525799999999999841e+02 -6.821999999999999886e+01 2.979399999999999977e+02
-3.042000000000000171e+01 -4.114000000000000057e+01 6.177599999999999909e+02 -1.996299999999999955e+02 0.000000000000000000e+00 3.386399999999999864e+02 -1.700200000000000102e+02 3.052300000000000182e+02 -2.273600000000000136e+02 -7.934999999999999432e+01
2.434199999999999875e+02 2.935999999999999943e+01 5.719299999999999500e+02 2.894900000000000091e+02 0.000000000000000000e+00 1.524299999999999955e+03 1.612700000000000102e+02 -1.458200000000000045e+03 1.494199999999999875e+02 -4.485899999999999750e+02
1.532299999999999898e+02 5.353000000000000114e+01 5.257599999999999909e+02 1.515999999999999943e+02 0.000000000000000000e+00 -7.018500000000000227e+02 2.011399999999999864e+02 4.969999999999999751e+00 4.089000000000000057e+01 -6.882999999999999829e+01
-2.357599999999999909e+02 -5.111999999999999744e+01 2.064900000000000091e+02 -2.020500000000000114e+02 0.000000000000000000e+00 -1.097460000000000036e+03 -2.119799999999999898e+02 1.349539999999999964e+03 -1.083599999999999994e+02 9.147599999999999909e+02
-2.183400000000000034e+02 -3.614999999999999858e+01 5.404600000000000364e+02 -2.499699999999999989e+02 0.000000000000000000e+00 8.224199999999999591e+02 -3.023899999999999864e+02 4.924900000000000091e+02 1.914799999999999898e+02 1.158900000000000006e+02
-2.030999999999999872e+01 4.253000000000000114e+01 8.627200000000000273e+02 1.834399999999999977e+02 0.000000000000000000e+00 2.289600000000000080e+02 3.850000000000000000e+01 -1.149039999999999964e+03 -6.185000000000000142e+01 -1.055880000000000109e+03
2.367599999999999909e+02 -2.928999999999999915e+01 6.179700000000000273e+02 1.203100000000000023e+02 0.000000000000000000e+00 -1.820600000000000023e+02 5.227699999999999818e+02 -8.159700000000000273e+02 -3.066899999999999977e+02 -3.155699999999999932e+02
9.490999999999999659e+01 3.839999999999999858e+01 7.676399999999999864e+02 -2.098000000000000114e+02 0.000000000000000000e+00 -3.874399999999999977e+02 1.689999999999999947e+00 6.154199999999999591e+02 2.383899999999999864e+02 1.113890000000000100e+03
-2.567400000000000091e+02 3.007999999999999829e+01 1.157839999999999918e+03 1.562199999999999989e+02 0.000000000000000000e+00 3.384599999999999795e+02 -3.621700000000000159e+02 9.459800000000000182e+02 2.296800000000000068e+02 4.792900000000000205e+02
1.946899999999999977e+02 -1.400000000000000000e+01 1.045039999999999964e+03 -1.009999999999999964e+01 0.000000000000000000e+00 1.859099999999999966e+02 -8.107999999999999829e+01 2.641299999999999955e+02 1.723999999999999844e+01 -6.444600000000000364e+02
2.810999999999999943e+01 -8.421999999999999886e+01 5.637899999999999636e+02 -8.084000000000000341e+01 0.000000000000000000e+00 -7.104000000000000625e+01 -1.219599999999999937e+02 -1.462259999999999991e+03 -7.420000000000000284e+01 -9.522000000000000455e+02
-8.825000000000000000e+01 -3.340999999999999659e+01 6.232599999999999909e+02 2.899999999999999911e+00 0.000000000000000000e+00 -8.507999999999999829e+01 6.992400000000000091e+02 -3.283799999999999955e+02 -5.807999999999999829e+01 2.561700000000000159e+02
6.901000000000000512e+01 -7.906999999999999318e+01 1.163279999999999973e+03 5.136999999999999744e+01 0.000000000000000000e+00 -5.080899999999999750e+02 -4.916000000000000227e+02 6.098999999999999773e+02 1.757199999999999989e+02 1.028319999999999936e+03
1.079099999999999966e+02 1.560800000000000125e+02 1.344250000000000000e+03 -7.892000000000000171e+01 0.000000000000000000e+00 -2.983500000000000227e+02 -8.768999999999999773e+01 7.985399999999999636e+02 3.009999999999999787e+00 -9.131000000000000227e+01
-3.088199999999999932e+02 1.612100000000000080e+02 1.183210000000000036e+03 9.907999999999999829e+01 0.000000000000000000e+00 1.175190000000000055e+03 -1.121500000000000057e+02 -1.700600000000000023e+02 -6.114999999999999858e+01 -4.839800000000000182e+02
2.532000000000000028e+01 -1.247000000000000028e+02 4.170500000000000114e+02 1.455200000000000102e+02 0.000000000000000000e+00 4.034700000000000273e+02 3.236299999999999955e+02 -4.216800000000000068e+02 6.787000000000000455e+01 -1.172800000000000011e+02
4.560500000000000114e+02 -1.740999999999999943e+02 5.591900000000000546e+02 3.078000000000000114e+01 0.000000000000000000e+00 -5.906200000000000045e+02 4.233899999999999864e+02 -4.884200000000000159e+02 2.814599999999999795e+02 -2.942000000000000171e+01
-6.804000000000000625e+01 -3.689000000000000057e+01 1.038349999999999909e+03 -1.736699999999999875e+02 0.000000000000000000e+00 -9.326200000000000045e+02 -6.137200000000000273e+02 -6.937000000000000455e+01 -8.796999999999999886e+01 4.073799999999999955e+02
-4.528000000000000114e+02 2.027599999999999909e+02 1.136000000000000000e+03 9.309000000000000341e+01 0.000000000000000000e+00 4.276399999999999864e+02 -3.467200000000000273e+02 8.382599999999999909e+02 -3.308399999999999750e+02 9.195999999999999375e+01
3.251700000000000159e+02 -5.889999999999999858e+01 8.711200000000000045e+02 5.575000000000000000e+01 0.000000000000000000e+00 7.745000000000000000e+02 3.337099999999999795e+02 4.986800000000000068e+02 1.662999999999999901e+01 -2.287599999999999909e+02
-2.080000000000000000e+02 -5.364999999999999858e+01 3.033199999999999932e+02 -1.054300000000000068e+02 0.000000000000000000e+00 -6.189299999999999500e+02 5.320599999999999454e+02 -6.212100000000000364e+02 4.504499999999999886e+02 -1.422000000000000064e+01
-1.689099999999999966e+02 -6.506999999999999318e+01 5.284099999999999682e+02 -6.336999999999999744e+01 0.000000000000000000e+00 -3.627000000000000313e+01 -8.171999999999999886e+01 -7.604299999999999500e+02 8.279000000000000625e+01 -8.235999999999999943e+01
4.535400000000000205e+02 4.228000000000000114e+01 5.614500000000000455e+02 2.357800000000000011e+02 0.000000000000000000e+00 1.388700000000000045e+02 -6.974400000000000546e+02 4.711700000000000159e+02 -3.385400000000000205e+02 -9.448000000000000398e+01
2.623000000000000114e+02 -1.247000000000000064e+01 3.524300000000000068e+02 -1.817400000000000091e+02 0.000000000000000000e+00 -1.466699999999999875e+02 5.235199999999999818e+02 7.300900000000000318e+02 -5.564999999999999858e+01 0.000000000000000000e+00
-5.271100000000000136e+02 1.062699999999999960e+02 4.837900000000000205e+02 -1.332100000000000080e+02 0.000000000000000000e+00 -5.313400000000000318e+02 -8.206000000000000227e+01 -7.106100000000000136e+02 3.971000000000000085e+01 4.200400000000000205e+02
-3.201000000000000227e+02 -1.916100000000000136e+02 4.930899999999999750e+02 1.586399999999999864e+02 0.000000000000000000e+00 5.968099999999999454e+02 -3.068100000000000023e+02 -2.968500000000000227e+02 1.979900000000000091e+02 6.867000000000000171e+01
1.867400000000000091e+02 -1.066000000000000014e+01 1.235400000000000063e+02 -3.021999999999999886e+01 0.000000000000000000e+00 3.422300000000000182e+02 1.230799999999999983e+02 5.699700000000000273e+02 -4.059000000000000341e+01 -7.757500000000000000e+02
3.668500000000000227e+02 1.417599999999999909e+02 -1.237099999999999937e+02 -5.538000000000000256e+01 0.000000000000000000e+00 -2.780400000000000205e+02 5.292999999999999545e+02 -4.277200000000000273e+02 1.354900000000000091e+02 2.649700000000000273e+02
1.376200000000000045e+02 -5.040000000000000036e+00 8.810000000000000497e+00 9.006999999999999318e+01 0.000000000000000000e+00 -4.215799999999999841e+02 1.050999999999999979e+01 3.987400000000000091e+02 -8.528000000000000114e+01 -2.753000000000000114e+01
-8.992000000000000171e+01 -5.139999999999999858e+01 2.146100000000000136e+02 1.731599999999999966e+02 0.000000000000000000e+00 3.611600000000000250e+02 -8.276000000000000227e+02 5.492999999999999972e+01 -2.893600000000000136e+02 2.328499999999999943e+02
-1.332800000000000011e+02 -3.442000000000000171e+01 1.486699999999999875e+02 -2.256899999999999977e+02 0.000000000000000000e+00 3.603000000000000114e+01 -5.689099999999999682e+02 -5.601499999999999773e+02 8.440999999999999659e+01 2.486500000000000057e+02
-2.039999999999999858e+01 9.045999999999999375e+01 2.959999999999999964e+00 -1.791599999999999966e+02 0.000000000000000000e+00 -9.084999999999999432e+01 8.262699999999999818e+02 -3.768999999999999773e+01 -1.848000000000000043e+01 2.532599999999999909e+02
3.490000000000000213e+00 8.428000000000000114e+01 -4.441700000000000159e+02 2.174199999999999875e+02 0.000000000000000000e+00 1.334399999999999977e+02 6.367799999999999727e+02 -5.492000000000000171e+01 -4.379999999999999893e+00 -6.712400000000000091e+02
-1.344799999999999898e+02 -1.231400000000000006e+02 -4.763000000000000114e+02 7.412999999999999545e+01 0.000000000000000000e+00 2.194799999999999898e+02 2.105999999999999872e+01 1.840900000000000034e+02 7.637000000000000455e+01 -4.404900000000000091e+02
1.600500000000000114e+02 -5.696999999999999886e+01 -1.623100000000000023e+02 -9.804000000000000625e+01 0.000000000000000000e+00 -5.664199999999999591e+02 -1.060539999999999964e+03 3.621800000000000068e+02 2.216999999999999886e+02 2.170999999999999943e+02
1.179399999999999977e+02 3.314999999999999858e+01 -2.337500000000000000e+02 2.023600000000000136e+02 0.000000000000000000e+00 1.311800000000000068e+02 1.345300000000000011e+02 6.339600000000000364e+02 -3.113600000000000136e+02 0.000000000000000000e+00
1.416000000000000014e+01 6.214000000000000057e+01 -3.609800000000000182e+02 1.341000000000000014e+01 0.000000000000000000e+00 5.236100000000000136e+02 3.349499999999999886e+02 -8.382400000000000091e+02 -1.105199999999999960e+02 0.000000000000000000e+00
-4.103199999999999932e+02 3.200000000000000178e+00 -4.445600000000000023e+02 -2.033799999999999955e+02 0.000000000000000000e+00 1.385200000000000102e+02 7.703000000000000114e+01 -1.251240000000000009e+03 1.298000000000000043e+01 0.000000000000000000e+00
6.792000000000000171e+01 -7.951000000000000512e+01 -7.432200000000000273e+02 -4.036800000000000068e+02 0.000000000000000000e+00 -9.853600000000000136e+02 4.472400000000000091e+02 6.848899999999999864e+02 -5.800999999999999801e+01 -1.335099999999999909e+02
1.513799999999999955e+02 -2.287000000000000099e+01 -7.630900000000000318e+02 4.814599999999999795e+02 0.000000000000000000e+00 -3.910099999999999909e+02 -2.199900000000000091e+02 1.096440000000000055e+03 -8.092000000000000171e+01 6.539000000000000057e+01
1.241299999999999955e+02 1.064300000000000068e+02 -8.400599999999999454e+02 2.656499999999999773e+02 0.000000000000000000e+00 5.349199999999999591e+02 -5.365599999999999454e+02 4.825400000000000205e+02 1.651699999999999875e+02 1.462299999999999898e+02
8.260999999999999943e+01 -6.381000000000000227e+01 -4.222799999999999727e+02 -2.389000000000000057e+02 0.000000000000000000e+00 6.496699999999999591e+02 -1.105799999999999983e+02 -9.066000000000000227e+02 -5.620000000000000107e+00 -2.119000000000000128e+01
1.255999999999999943e+02 -3.440999999999999659e+01 -7.981599999999999682e+02 -2.634499999999999886e+02 0.000000000000000000e+00 -1.248299999999999983e+02 -4.000000000000000083e-02 -5.965499999999999545e+02 -7.443999999999999773e+01 -2.226200000000000045e+02
-3.311499999999999773e+02 8.115000000000000568e+01 -1.033730000000000018e+03 2.468700000000000045e+02 0.000000000000000000e+00 -6.211200000000000045e+02 3.629499999999999886e+02 2.450000000000000000e+01 -8.048000000000000398e+01 6.577699999999999818e+02
-3.960000000000000000e+02 1.541999999999999993e+01 -1.194809999999999945e+03 1.114200000000000017e+02 0.000000000000000000e+00 3.178600000000000136e+02 5.716900000000000546e+02 -3.461600000000000250e+02 1.024099999999999966e+02 -1.026200000000000045e+02
3.954800000000000182e+02 -2.760999999999999943e+01 -1.519390000000000100e+03 -2.786000000000000227e+02 0.000000000000000000e+00 5.846200000000000045e+02 -8.660099999999999909e+02 1.083630000000000109e+03 -5.860000000000000142e+01 -3.830899999999999750e+02
7.157200000000000273e+02 -9.809999999999999432e+01 -1.385039999999999964e+03 -1.735999999999999943e+01 0.000000000000000000e+00 -6.449099999999999682e+02 -2.264199999999999875e+02 7.095700000000000500e+02 3.421999999999999886e+01 -4.601399999999999864e+02
-2.718600000000000136e+02 -1.782299999999999898e+02 -1.185500000000000000e+03 1.041700000000000017e+02 0.000000000000000000e+00 -2.025699999999999932e+02 4.546800000000000068e+02 -1.101809999999999945e+03 9.459000000000000341e+01 3.939999999999999858e+01
-1.076769999999999982e+03 1.201800000000000068e+02 -1.067210000000000036e+03 -5.647999999999999687e+01 0.000000000000000000e+00 5.517899999999999636e+02 1.356599999999999966e+02 -6.323899999999999864e+02 -6.621999999999999886e+01 5.094599999999999795e+02
2.047100000000000080e+02 -9.720000000000000639e+00 -1.044509999999999991e+03 -9.359000000000000341e+01 0.000000000000000000e+00 8.506200000000000045e+02 -1.052300000000000040e+02 -5.690000000000000391e+00 4.070000000000000284e+00 5.335700000000000500e+02
7.684700000000000273e+02 6.147999999999999687e+01 -1.155640000000000100e+03 2.776200000000000045e+02 0.000000000000000000e+00 -1.502119999999999891e+03 2.276500000000000057e+02 3.704900000000000091e+02 -1.944000000000000057e+02 -6.003799999999999955e+02
5.004999999999999716e+01 -2.232999999999999829e+01 -9.517899999999999636e+02 -4.964000000000000057e+01 0.000000000000000000e+00 -6.785099999999999909e+02 7.698999999999999488e+01 8.825000000000000000e+02 1.358499999999999943e+02 -5.737699999999999818e+02
-2.323700000000000045e+02 -1.932000000000000028e+01 -4.091200000000000045e+02 -3.160600000000000023e+02 0.000000000000000000e+00 1.176119999999999891e+03 -4.286200000000000045e+02 1.503700000000000045e+02 1.795900000000000034e+02 5.557400000000000091e+02
-7.718999999999999773e+01 9.868000000000000682e+01 -6.285700000000000500e+02 5.396999999999999886e+01 0.000000000000000000e+00 9.352599999999999909e+02 -2.181200000000000045e+02 -7.593899999999999864e+02 -1.193299999999999983e+02 5.726200000000000045e+02
-7.293999999999999773e+01 4.685000000000000142e+01 -4.558000000000000114e+02 2.907900000000000205e+02 0.000000000000000000e+00 -7.194700000000000273e+02 -5.207000000000000028e+01 -1.047329999999999927e+03 -2.337199999999999989e+02 -2.864599999999999795e+02
-2.639900000000000091e+02 -1.076800000000000068e+02 -2.998100000000000023e+02 2.364600000000000080e+02 0.000000000000000000e+00 -6.328799999999999955e+02 1.981800000000000068e+02 7.984400000000000546e+02 1.537299999999999898e+02 -8.524600000000000364e+02
1.793700000000000045e+02 4.382999999999999829e+01 -3.900999999999999801e+01 -2.650799999999999841e+02 0.000000000000000000e+00 1.368499999999999943e+02 6.413899999999999864e+02 5.660599999999999454e+02 2.346699999999999875e+02 8.087999999999999545e+01
4.362699999999999818e+02 -1.191599999999999966e+02 2.255099999999999909e+02 -2.803399999999999750e+02 0.000000000000000000e+00 3.433199999999999932e+02 -1.495300000000000011e+02 2.663100000000000023e+02 -1.075999999999999943e+02 6.511000000000000227e+02
-1.823100000000000023e+02 7.931000000000000227e+01 1.834799999999999898e+02 2.160000000000000000e+02 0.000000000000000000e+00 -4.981999999999999886e+02 -1.160039999999999964e+03 -3.125000000000000000e+02 -2.201200000000000045e+02 2.596499999999999773e+02
-3.303299999999999841e+02 9.632999999999999829e+01 8.321900000000000546e+02 1.787599999999999909e+02 0.000000000000000000e+00 7.489000000000000057e+01 8.642300000000000182e+02 -7.448200000000000500e+02 -4.328999999999999915e+01 -2.245300000000000011e+02
5.181000000000000227e+01 -9.934000000000000341e+01 7.706900000000000546e+02 -1.128499999999999943e+02 0.000000000000000000e+00 1.091779999999999973e+03 6.686299999999999955e+02 3.180999999999999872e+01 -3.725999999999999801e+01 -6.097400000000000091e+02
1.457199999999999989e+02 -1.026999999999999957e+01 9.304400000000000546e+02 -7.851999999999999602e+01 0.000000000000000000e+00 -9.092899999999999636e+02 -2.204300000000000068e+02 -4.603000000000000114e+01 -1.673999999999999844e+01 1.284499999999999886e+02
-1.841800000000000068e+02 -9.317000000000000171e+01 1.187539999999999964e+03 -6.887999999999999545e+01 0.000000000000000000e+00 -1.171119999999999891e+03 -3.604800000000000182e+02 7.060999999999999943e+01 1.263000000000000078e+01 8.182599999999999909e+02
3.934700000000000273e+02 4.996000000000000085e+01 1.184859999999999900e+03 -1.291899999999999977e+02 0.000000000000000000e+00 9.262100000000000364e+02 -5.653999999999999915e+01 1.383930000000000064e+03 1.350000000000000000e+02 -6.061999999999999744e+01
1.479199999999999875e+02 1.553899999999999864e+02 1.231339999999999918e+03 2.513799999999999955e+02 0.000000000000000000e+00 9.356200000000000045e+02 2.002800000000000011e+02 -1.380399999999999920e+02 2.067299999999999898e+02 -1.421500000000000057e+02
-2.748600000000000136e+02 2.059099999999999966e+02 1.319559999999999945e+03 2.443400000000000034e+02 0.000000000000000000e+00 -1.092300000000000040e+02 5.317899999999999636e+02 -1.967329999999999927e+03 -1.219899999999999949e+02 0.000000000000000000e+00
-2.579599999999999795e+02 -3.586000000000000227e+02 9.048999999999999773e+02 -1.098199999999999932e+02 0.000000000000000000e+00 -6.809099999999999682e+02 -3.258999999999999773e+02 2.158300000000000125e+02 -1.307899999999999920e+02 2.560400000000000205e+02
-2.834100000000000250e+02 -1.109099999999999966e+02 3.287400000000000091e+02 -8.599999999999999645e+00 0.000000000000000000e+00 -1.987700000000000102e+02 -4.550699999999999932e+02 1.728160000000000082e+03 1.849199999999999875e+02 6.275099999999999909e+02
2.437800000000000011e+02 1.742500000000000000e+02 2.814000000000000057e+01 -1.021000000000000085e+01 0.000000000000000000e+00 5.023000000000000114e+02 1.954699999999999989e+02 7.532999999999999829e+01 4.463000000000000256e+01 -1.213000000000000078e+01
3.086700000000000159e+02 -6.385000000000000142e+01 2.317000000000000171e+01 1.937999999999999901e+01 0.000000000000000000e+00 -2.079199999999999875e+02 -2.397800000000000011e+02 -4.535199999999999818e+02 -1.646100000000000136e+02 -8.082200000000000273e+02
2.544000000000000128e+01 1.552700000000000102e+02 2.862300000000000182e+02 -1.612299999999999898e+02 0.000000000000000000e+00 4.747599999999999909e+02 -9.746999999999999886e+01 -9.576399999999999864e+02 -1.098299999999999983e+02 -3.981999999999999886e+02
-2.272299999999999898e+02 -2.855000000000000071e+01 3.991800000000000068e+02 5.160000000000000142e+01 0.000000000000000000e+00 -1.324300000000000068e+02 9.508400000000000318e+02 5.789999999999999858e+01 6.272999999999999687e+01 8.535000000000000000e+02
-3.594700000000000273e+02 -2.201800000000000068e+02 2.367999999999999972e+01 -1.639000000000000057e+02 0.000000000000000000e+00 -8.707200000000000273e+02 3.703799999999999955e+02 3.941100000000000136e+02 -7.331999999999999318e+01 2.647699999999999818e+02
2.363000000000000114e+02 5.510000000000000142e+01 -4.173000000000000114e+02 8.090999999999999659e+01 0.000000000000000000e+00 4.469399999999999977e+02 -1.385089999999999918e+03 2.784100000000000250e+02 -3.071000000000000085e+01 -3.803700000000000045e+02
3.166999999999999886e+02 4.599000000000000199e+01 -4.519399999999999977e+02 1.204399999999999977e+02 0.000000000000000000e+00 3.160899999999999750e+02 8.532999999999999829e+01 -1.845699999999999932e+02 -8.281000000000000227e+01 -1.876299999999999955e+02
2.016699999999999875e+02 1.881399999999999864e+02 3.496999999999999886e+01 -1.401500000000000057e+02 0.000000000000000000e+00 -1.803199999999999932e+02 7.742200000000000273e+02 -2.071899999999999977e+02 6.706999999999999318e+01 7.276000000000000512e+01
-8.218999999999999773e+01 -8.525000000000000000e+01 -7.329999999999999716e+01 -2.000000000000000000e+01 0.000000000000000000e+00 -9.514400000000000546e+02 2.841999999999999886e+02 -3.143000000000000114e+02 1.880699999999999932e+02 0.000000000000000000e+00
-2.105000000000000071e+01 -1.139599999999999937e+02 7.779999999999999716e+01 1.606999999999999886e+02 0.000000000000000000e+00 7.676000000000000227e+02 -5.428700000000000045e+02 -2.837500000000000000e+02 4.670000000000000284e+01 0.000000000000000000e+00
-1.145699999999999932e+02 1.586699999999999875e+02 1.876000000000000156e+01 -2.020000000000000018e+00 0.000000000000000000e+00 8.899800000000000182e+02 -4.043899999999999864e+02 5.083299999999999841e+02 -2.526000000000000156e+01 -1.948600000000000136e+02
-1.912400000000000091e+02 -7.828000000000000114e+01 -3.408000000000000114e+02 3.078999999999999915e+01 0.000000000000000000e+00 -2.158000000000000114e+02 7.040000000000000000e+02 8.325000000000000000e+02 1.275799999999999983e+02 3.929499999999999886e+02
1.784600000000000080e+02 -8.560000000000000497e+00 -1.716100000000000136e+02 -6.626999999999999602e+01 0.000000000000000000e+00 -8.404800000000000182e+02 4.635199999999999818e+02 -2.839900000000000091e+02 -9.439999999999999503e+00 5.861299999999999955e+02
4.002799999999999727e+02 -2.235000000000000142e+01 4.100000000000000000e+01 1.696999999999999886e+02 0.000000000000000000e+00 -6.595000000000000284e+01 -7.664199999999999591e+02 -2.553400000000000034e+02 1.432000000000000028e+01 -2.990799999999999841e+02
-2.477199999999999989e+02 7.881000000000000227e+01 5.658799999999999955e+02 -3.302900000000000205e+02 0.000000000000000000e+00 1.289700000000000045e+03 -2.031699999999999875e+02 -1.690099999999999909e+02 -1.687100000000000080e+02 -6.968799999999999955e+02
-3.197300000000000182e+02 -5.300999999999999801e+01 7.877599999999999909e+02 5.375999999999999801e+01 0.000000000000000000e+00 -2.108199999999999932e+02 5.525700000000000500e+02 1.290300000000000011e+02 2.897599999999999909e+02 -3.473999999999999773e+02
-3.141200000000000045e+02 -1.259300000000000068e+02 4.500000000000000000e+01 4.301000000000000227e+02 0.000000000000000000e+00 -6.670700000000000500e+02 2.492299999999999898e+02 4.330899999999999750e+02 -1.977299999999999898e+02 7.380700000000000500e+02
1.786399999999999864e+02 7.210999999999999943e+01 2.617999999999999972e+01 -2.213400000000000034e+02 0.000000000000000000e+00 1.585900000000000034e+02 -7.731799999999999500e+02 -5.528600000000000136e+02 -1.155600000000000023e+02 3.743700000000000045e+02
4.892400000000000091e+02 -1.523000000000000043e+01 7.302200000000000273e+02 -1.421699999999999875e+02 0.000000000000000000e+00 1.005000000000000071e+01 -1.845300000000000011e+02 -6.134000000000000341e+01 1.078299999999999983e+02 -5.370900000000000318e+02
2.440900000000000034e+02 -3.180999999999999872e+01 9.108899999999999864e+02 -2.639999999999999858e+01 0.000000000000000000e+00 -8.831999999999999318e+01 3.774100000000000250e+02 4.025199999999999818e+02 2.460000000000000142e+01 -3.097699999999999818e+02
-4.851000000000000227e+02 3.688000000000000256e+01 9.639299999999999500e+02 5.179999999999999716e+01 0.000000000000000000e+00 -6.579000000000000625e+01 -3.981000000000000227e+01 1.320200000000000102e+02 1.574000000000000021e+01 -1.171599999999999966e+02
-4.145899999999999750e+02 -4.200000000000000000e+01 6.185299999999999727e+02 3.760999999999999943e+01 0.000000000000000000e+00 -1.545999999999999943e+02 -2.200800000000000125e+02 -2.093899999999999864e+02 6.147999999999999687e+01 5.526399999999999864e+02
-6.723999999999999488e+01 7.229000000000000625e+01 4.017900000000000205e+02 -2.383700000000000045e+02 0.000000000000000000e+00 2.010300000000000011e+02 1.759199999999999875e+02 -6.890900000000000318e+02 6.059999999999999609e+00 2.259199999999999875e+02
6.341399999999999864e+02 -1.172800000000000011e+02 5.644700000000000273e+02 2.075600000000000023e+02 0.000000000000000000e+00 -1.677800000000000011e+02 -5.663700000000000045e+02 -1.236299999999999955e+02 6.345000000000000284e+01 -4.513600000000000136e+02
6.492400000000000091e+02 1.215000000000000036e+01 4.346899999999999977e+02 1.355699999999999932e+02 0.000000000000000000e+00 -5.664000000000000057e+01 1.807899999999999920e+02 6.815499999999999545e+02 2.999100000000000250e+02 -2.353700000000000045e+02
-3.308899999999999864e+02 1.320000000000000062e+00 9.310700000000000500e+02 -2.147599999999999909e+02 0.000000000000000000e+00 6.346399999999999864e+02 3.491899999999999977e+02 3.354800000000000182e+02 1.153599999999999994e+02 3.810899999999999750e+02
-1.078059999999999945e+03 5.514000000000000057e+01 6.096000000000000227e+02 -6.290000000000000036e+00 0.000000000000000000e+00 -4.209100000000000250e+02 3.190199999999999818e+02 -7.574700000000000273e+02 -1.955600000000000023e+02 4.930600000000000023e+02
-5.275999999999999801e+01 3.782999999999999829e+01 -3.599999999999999867e-01 1.439300000000000068e+02 0.000000000000000000e+00 -1.059599999999999937e+02 -8.745999999999999375e+01 8.134999999999999432e+01 -5.332000000000000028e+01 -4.065799999999999841e+02
8.616200000000000045e+02 -1.657999999999999829e+01 -1.252399999999999949e+02 -1.101800000000000068e+02 0.000000000000000000e+00 -8.240000000000000568e+01 -2.013000000000000114e+02 -1.812500000000000000e+02 6.712000000000000455e+01 -7.998799999999999955e+02
6.132699999999999818e+02 -5.368999999999999773e+01 3.051899999999999977e+02 8.370000000000000284e+01 0.000000000000000000e+00 4.876999999999999886e+02 -9.559999999999999432e+01 3.563999999999999773e+02 1.198799999999999955e+02 3.003399999999999750e+02
-4.137200000000000273e+02 -6.992000000000000171e+01 4.700000000000000000e+02 7.440999999999999659e+01 0.000000000000000000e+00 -6.684299999999999500e+02 6.672500000000000000e+02 5.569700000000000273e+02 -2.178700000000000045e+02 1.025299999999999955e+03
-5.735700000000000500e+02 9.106000000000000227e+01 1.773199999999999932e+02 -3.431000000000000227e+01 0.000000000000000000e+00 2.354199999999999875e+02 -9.209999999999999432e+01 -4.317200000000000273e+02 2.076800000000000068e+02 2.728500000000000227e+02
7.823000000000000398e+01 1.193599999999999994e+02 -2.642500000000000000e+02 -6.027000000000000313e+01 0.000000000000000000e+00 5.342699999999999818e+02 -3.100899999999999750e+02 2.270200000000000102e+02 5.953000000000000114e+01 -9.868400000000000318e+02
1.286100000000000136e+02 2.123999999999999844e+01 -6.732000000000000455e+02 -2.552100000000000080e+02 0.000000000000000000e+00 9.129000000000000625e+01 -6.707999999999999829e+01 -2.234199999999999875e+02 -1.975699999999999932e+02 -6.555700000000000500e+02
2.486100000000000136e+02 -1.707299999999999898e+02 -4.185299999999999727e+02 2.400200000000000102e+02 0.000000000000000000e+00 -5.844800000000000182e+02 1.085000000000000000e+02 -3.518600000000000136e+02 -7.392000000000000171e+01 2.870600000000000023e+02
-1.311599999999999966e+02 -1.331899999999999977e+02 -3.335500000000000114e+02 5.236599999999999682e+02 0.000000000000000000e+00 -2.085000000000000142e+01 1.901999999999999957e+01 1.032800000000000011e+02 7.334000000000000341e+01 6.153600000000000136e+02
-2.706000000000000227e+02 2.719000000000000128e+01 -3.704999999999999716e+01 -2.548000000000000114e+02 0.000000000000000000e+00 4.078199999999999932e+02 -8.901000000000000512e+01 7.313400000000000318e+02 2.048400000000000034e+02 4.411600000000000250e+02
2.285999999999999943e+01 9.432999999999999829e+01 -3.212500000000000000e+02 -4.610600000000000023e+02 0.000000000000000000e+00 -1.876500000000000057e+02 -3.655199999999999818e+02 1.303499999999999943e+02 -2.255000000000000000e+02 -3.830899999999999750e+02
-2.230999999999999943e+02 1.396299999999999955e+02 -8.197300000000000182e+02 -2.567599999999999909e+02 0.000000000000000000e+00 -1.443300000000000125e+02 2.235000000000000000e+02 -8.473899999999999864e+02 -1.189099999999999966e+02 -8.310599999999999454e+02
2.229399999999999977e+02 -6.252000000000000313e+01 -8.225599999999999454e+02 3.553799999999999955e+02 0.000000000000000000e+00 -1.616100000000000136e+02 2.666899999999999977e+02 -1.095799999999999983e+02 -5.610000000000000142e+01 -6.439400000000000546e+02
3.571499999999999773e+02 -2.603199999999999932e+02 -1.893799999999999955e+02 3.543700000000000045e+02 0.000000000000000000e+00 -4.308000000000000114e+02 -6.804400000000000546e+02 1.900099999999999909e+02 -9.589999999999999858e+00 9.372100000000000364e+02
-1.170300000000000011e+02 6.893000000000000682e+01 6.056000000000000227e+01 1.426999999999999957e+01 0.000000000000000000e+00 2.372500000000000000e+02 -4.939999999999999858e+01 2.215000000000000000e+02 2.794100000000000250e+02 7.377500000000000000e+02
-4.452799999999999727e+02 2.244499999999999886e+02 -2.534799999999999898e+02 -2.026299999999999955e+02 0.000000000000000000e+00 6.800599999999999454e+02 4.454200000000000159e+02 1.315999999999999943e+02 7.573999999999999488e+01 -9.599999999999999645e-01
-8.784000000000000341e+01 1.082500000000000000e+02 -2.418199999999999932e+02 -3.820299999999999727e+02 0.000000000000000000e+00 1.481500000000000057e+02 2.939200000000000159e+02 -7.114400000000000546e+02 -1.294799999999999898e+02 -1.085750000000000000e+03
5.026200000000000045e+02 -1.267999999999999972e+02 -3.861100000000000136e+02 7.084000000000000341e+01 0.000000000000000000e+00 -9.247400000000000091e+02 -2.873799999999999955e+02 -5.109399999999999977e+02 -1.065300000000000011e+02 2.551899999999999977e+02
1.946200000000000045e+02 -6.210999999999999943e+01 2.160000000000000142e+01 2.061899999999999977e+02 0.000000000000000000e+00 -6.454900000000000091e+02 -7.848400000000000318e+02 6.623400000000000318e+02 2.032199999999999989e+02 1.207000000000000028e+01
