7.882999999999999829e+01 6.145000000000000284e+01 2.939200000000000159e+02 8.353000000000000114e+01 -3.402000000000000313e+01 2.908899999999999864e+02 2.467400000000000091e+02 8.538500000000000227e+02 5.218999999999999773e+01 -1.981500000000000057e+02
3.372999999999999687e+01 6.510999999999999943e+01 -6.079999999999999716e+01 8.201999999999999602e+01 5.653999999999999915e+01 -2.854900000000000091e+02 1.014099999999999966e+02 -5.362200000000000273e+02 6.719999999999999751e+00 2.578899999999999864e+02
-1.271000000000000085e+01 -1.707000000000000028e+01 6.003999999999999915e+01 -4.246999999999999886e+01 -6.669999999999999929e+00 2.738999999999999773e+02 -2.091500000000000057e+02 -3.821000000000000085e+01 -3.539999999999999858e+01 5.639999999999999858e+01
-8.037000000000000455e+01 -8.495000000000000284e+01 8.381999999999999318e+01 -2.094000000000000128e+01 -3.318999999999999773e+01 -3.250000000000000000e+02 2.300000000000000000e+01 -7.640000000000000568e+01 -6.823000000000000398e+01 -2.124799999999999898e+02
-6.240000000000000213e+00 2.473000000000000043e+01 -2.185000000000000142e+01 -4.492999999999999972e+01 1.314000000000000057e+01 1.767000000000000171e+01 9.890999999999999659e+01 -2.240999999999999943e+02 6.875000000000000000e+01 2.695799999999999841e+02
-6.860000000000000320e+00 7.201000000000000512e+01 -3.614000000000000057e+01 9.943999999999999773e+01 1.896000000000000085e+01 2.234600000000000080e+02 6.252000000000000313e+01 3.767400000000000091e+02 -2.107000000000000028e+01 -4.697300000000000182e+02
-1.045699999999999932e+02 -1.587299999999999898e+02 5.011999999999999744e+01 -4.646999999999999886e+01 -4.142000000000000171e+01 -2.887999999999999901e+01 1.808899999999999864e+02 9.126000000000000512e+01 -3.857999999999999829e+01 5.478000000000000114e+01
-5.775999999999999801e+01 1.750999999999999943e+02 -7.629999999999999893e+00 -4.435999999999999943e+01 2.396000000000000085e+01 -4.282900000000000205e+02 -4.154900000000000091e+02 -1.217999999999999972e+01 -5.181000000000000227e+01 1.287299999999999898e+02
3.709000000000000341e+01 -1.035000000000000000e+02 -4.871999999999999886e+01 5.097999999999999687e+01 2.151999999999999957e+01 2.363199999999999932e+02 -1.866000000000000014e+01 -5.859000000000000341e+01 6.243999999999999773e+01 -2.514199999999999875e+02
1.221599999999999966e+02 5.442999999999999972e+01 -3.303000000000000114e+01 -4.450000000000000178e+00 -3.661999999999999744e+01 1.114899999999999949e+02 3.846999999999999886e+01 -1.117199999999999989e+02 -1.195600000000000023e+02 -1.655999999999999872e+01
-4.431000000000000227e+01 -7.251000000000000512e+01 1.930000000000000071e+01 -6.426000000000000512e+01 4.959999999999999964e+00 -3.361100000000000136e+02 2.935000000000000142e+01 5.768999999999999773e+01 7.950000000000000000e+01 1.632299999999999898e+02
-9.534999999999999432e+01 -7.480000000000000426e+00 -7.201000000000000512e+01 -1.329099999999999966e+02 -1.614000000000000057e+01 4.206899999999999977e+02 -6.523000000000000398e+01 -2.195000000000000000e+02 -1.178199999999999932e+02 5.014999999999999858e+01
-8.612999999999999545e+01 6.134000000000000341e+01 -2.003999999999999915e+01 1.590900000000000034e+02 1.356000000000000050e+01 -8.223700000000000045e+02 -2.584300000000000068e+02 -3.868999999999999773e+01 7.268999999999999773e+01 -1.541399999999999864e+02
2.393899999999999864e+02 4.589000000000000057e+01 5.311999999999999744e+01 -1.484999999999999964e+01 1.100000000000000089e+00 6.064099999999999682e+02 -4.346999999999999886e+01 2.735799999999999841e+02 -5.224000000000000199e+01 1.524499999999999886e+02
-2.251000000000000156e+01 -9.318999999999999773e+01 4.297999999999999687e+01 9.390000000000000568e+00 -2.910999999999999943e+01 -1.277999999999999936e+01 4.364200000000000159e+02 -6.225499999999999545e+02 3.267000000000000171e+01 -1.357199999999999989e+02
3.353999999999999915e+01 2.129999999999999893e+00 1.430399999999999920e+02 7.840999999999999659e+01 6.512999999999999545e+01 -1.821000000000000085e+01 6.454999999999999716e+01 7.839400000000000546e+02 1.496500000000000057e+02 2.941100000000000136e+02
-1.275300000000000011e+02 7.292000000000000171e+01 -2.296000000000000085e+01 7.040000000000000568e+01 4.774000000000000199e+01 8.337000000000000455e+01 1.730600000000000023e+02 -5.326499999999999773e+02 1.200000000000000000e+01 6.729999999999999716e+01
1.342299999999999898e+02 2.605000000000000071e+01 1.344600000000000080e+02 -1.375999999999999979e+01 -1.063199999999999932e+02 -1.765399999999999920e+02 -4.681399999999999864e+02 3.645899999999999750e+02 -3.834000000000000341e+01 -8.912000000000000455e+01
2.223999999999999844e+01 1.985999999999999943e+01 -9.490999999999999659e+01 -5.982999999999999829e+01 4.767000000000000171e+01 1.945300000000000011e+02 2.107500000000000000e+02 8.793999999999999773e+01 3.627000000000000313e+01 -1.613199999999999932e+02
-1.108100000000000023e+02 -5.236999999999999744e+01 -1.013400000000000034e+02 7.892000000000000171e+01 -3.810000000000000053e+00 -2.035500000000000114e+02 1.506500000000000057e+02 3.939999999999999858e+01 5.793999999999999773e+01 3.820000000000000284e+01
-6.465000000000000568e+01 -1.427999999999999936e+01 1.117999999999999972e+01 1.375000000000000000e+01 3.795000000000000284e+01 3.067500000000000000e+02 -2.149600000000000080e+02 7.276000000000000512e+01 -6.017000000000000171e+01 2.489099999999999966e+02
9.473000000000000398e+01 -8.301000000000000512e+01 1.028799999999999955e+02 3.112000000000000099e+01 -6.311999999999999744e+01 -3.931000000000000227e+02 1.363100000000000023e+02 3.169999999999999929e+01 -1.946000000000000085e+01 3.076000000000000156e+01
-1.716599999999999966e+02 1.875000000000000000e+01 -9.498999999999999488e+01 3.602000000000000313e+01 5.919999999999999929e+00 4.641800000000000068e+02 5.546999999999999886e+01 1.205000000000000071e+01 -3.249000000000000199e+01 -3.606600000000000250e+02
1.897199999999999989e+02 6.954999999999999716e+01 -2.113100000000000023e+02 -2.046000000000000085e+01 2.378999999999999915e+01 -7.065399999999999636e+02 -1.304099999999999966e+02 3.354700000000000273e+02 -1.426599999999999966e+02 1.449600000000000080e+02
-1.100999999999999943e+02 -8.229000000000000625e+01 1.075600000000000023e+02 -7.431000000000000227e+01 1.662999999999999901e+01 5.340000000000000000e+02 -4.859000000000000341e+01 -5.752899999999999636e+02 6.801999999999999602e+01 -7.176999999999999602e+01
-1.236999999999999922e+01 6.873000000000000398e+01 2.520000000000000018e+00 -6.440000000000000568e+01 -2.905000000000000071e+01 -1.207699999999999960e+02 1.736200000000000045e+02 9.004000000000000625e+01 2.236999999999999886e+02 1.647299999999999898e+02
8.593000000000000682e+01 -1.801999999999999957e+01 8.528000000000000114e+01 2.024000000000000057e+02 8.668999999999999773e+01 1.140900000000000034e+02 3.250000000000000000e+01 7.980000000000000426e+00 -1.647400000000000091e+02 1.372899999999999920e+02
1.004599999999999937e+02 -3.817999999999999972e+01 3.222999999999999687e+01 -1.207999999999999972e+02 -2.642000000000000171e+01 1.111599999999999966e+02 -1.610099999999999909e+02 5.800999999999999801e+01 -8.898999999999999488e+01 -1.708000000000000114e+02
-1.642100000000000080e+02 -9.689999999999999503e+00 -1.577599999999999909e+02 -2.192999999999999972e+01 -8.330000000000000071e+00 -5.747699999999999818e+02 -2.301800000000000068e+02 -1.760999999999999943e+02 7.900000000000000355e-01 6.272999999999999687e+01
9.578000000000000114e+01 1.541100000000000136e+02 8.939999999999999503e+00 -4.822999999999999687e+01 2.150000000000000000e+01 3.630799999999999841e+02 2.610000000000000142e+01 -1.166899999999999977e+02 6.764000000000000057e+01 -1.730399999999999920e+02
-1.140000000000000036e+01 -1.410900000000000034e+02 6.029999999999999716e+01 1.103199999999999932e+02 -1.111999999999999922e+01 2.111500000000000057e+02 8.850000000000000000e+01 1.112800000000000011e+02 3.346000000000000085e+01 -4.136999999999999744e+01
9.829999999999999716e+01 1.057399999999999949e+02 1.338600000000000136e+02 9.235999999999999943e+01 -6.526000000000000512e+01 -1.135600000000000023e+02 2.149999999999999911e+00 7.143000000000000682e+01 -1.029800000000000040e+02 2.125399999999999920e+02
-1.857500000000000000e+02 -3.246000000000000085e+01 -2.098799999999999955e+02 8.898000000000000398e+01 6.470999999999999375e+01 -2.371200000000000045e+02 1.284699999999999989e+02 1.589399999999999977e+02 1.681100000000000136e+02 2.210999999999999943e+02
-1.232800000000000011e+02 -8.140000000000000568e+00 5.607000000000000028e+01 -1.501899999999999977e+02 -5.738000000000000256e+01 -2.238199999999999932e+02 -1.968199999999999932e+02 -8.070000000000000284e+00 -1.503899999999999864e+02 -9.080000000000000071e+00
1.546500000000000057e+02 1.300000000000000000e+01 6.650000000000000000e+01 -1.798999999999999844e+01 7.384999999999999432e+01 4.101999999999999886e+02 9.250000000000000000e+00 4.281299999999999955e+02 1.645399999999999920e+02 -5.816799999999999500e+02
6.748000000000000398e+01 -4.309999999999999609e+00 4.371000000000000085e+01 1.240499999999999972e+02 8.570000000000000284e+00 -4.490999999999999659e+01 6.102000000000000313e+01 -4.872699999999999818e+02 -3.753000000000000114e+01 1.004699999999999989e+02
6.668999999999999773e+01 3.085999999999999943e+01 -3.438600000000000136e+02 1.851000000000000156e+01 5.839999999999999858e+00 -7.451000000000000512e+01 2.463899999999999864e+02 2.244600000000000080e+02 -5.330000000000000071e+00 3.325699999999999932e+02
-1.165400000000000063e+02 -1.353899999999999864e+02 6.281000000000000227e+01 -1.224899999999999949e+02 -4.190999999999999659e+01 7.889000000000000057e+01 -2.592599999999999909e+02 -3.084100000000000250e+02 -3.239900000000000091e+02 6.284000000000000341e+01
-2.354300000000000068e+02 1.034099999999999966e+02 -1.402100000000000080e+02 -1.341899999999999977e+02 1.103999999999999915e+01 -7.905099999999999909e+02 -2.320999999999999943e+02 -3.449000000000000199e+01 1.595300000000000011e+02 -1.956899999999999977e+02
-3.378999999999999915e+01 4.971999999999999886e+01 5.507999999999999829e+01 1.368899999999999864e+02 -2.123000000000000043e+01 4.167500000000000000e+02 1.742899999999999920e+02 9.220999999999999375e+01 -2.914000000000000057e+01 6.146000000000000085e+01
8.085999999999999943e+01 4.625000000000000000e+01 1.684399999999999977e+02 3.094999999999999929e+01 1.317999999999999972e+01 7.032999999999999829e+01 2.657599999999999909e+02 3.614300000000000068e+02 1.563400000000000034e+02 -2.501800000000000068e+02
2.509399999999999977e+02 -1.345099999999999909e+02 -6.121999999999999886e+01 7.043999999999999773e+01 3.596000000000000085e+01 1.112800000000000011e+02 -8.995999999999999375e+01 -3.915799999999999841e+02 7.417000000000000171e+01 4.601000000000000227e+02
-8.750000000000000000e+00 3.521999999999999886e+01 -8.018999999999999773e+01 6.445999999999999375e+01 -1.942000000000000171e+01 6.183799999999999955e+02 -1.366299999999999955e+02 1.769099999999999966e+02 -1.035600000000000023e+02 -1.208700000000000045e+02
-6.209000000000000341e+01 4.510000000000000142e+01 -5.554999999999999716e+01 1.869000000000000128e+01 -2.399999999999999911e-01 -1.011059999999999945e+03 3.002300000000000182e+02 7.023000000000000398e+01 -1.038799999999999955e+02 -1.146599999999999966e+02
5.992999999999999972e+01 5.917000000000000171e+01 7.785999999999999943e+01 -4.890999999999999659e+01 4.149000000000000199e+01 5.529199999999999591e+02 -1.850699999999999932e+02 -2.867799999999999727e+02 1.372100000000000080e+02 -1.105000000000000000e+02
-2.484799999999999898e+02 -7.287999999999999545e+01 -9.526000000000000512e+01 -1.363899999999999864e+02 -6.217000000000000171e+01 -3.186399999999999864e+02 -7.579000000000000625e+01 2.601999999999999886e+02 -1.819999999999999929e+01 -1.557400000000000091e+02
1.381599999999999966e+02 1.199000000000000021e+01 1.060600000000000023e+02 1.809300000000000068e+02 1.325999999999999979e+01 1.039940000000000055e+03 2.050000000000000000e+02 -1.802700000000000102e+02 2.723000000000000043e+01 4.210799999999999841e+02
2.668199999999999932e+02 -4.760000000000000142e+01 -1.998999999999999844e+01 9.700000000000000000e+01 1.676999999999999957e+01 -8.081100000000000136e+02 -1.568300000000000125e+02 1.606800000000000068e+02 1.676000000000000156e+01 -1.148799999999999955e+02
-2.409799999999999898e+02 6.121999999999999886e+01 1.774300000000000068e+02 4.171999999999999886e+01 1.483999999999999986e+01 2.019799999999999898e+02 2.162800000000000011e+02 7.531000000000000227e+01 -4.570000000000000284e+00 -1.711500000000000057e+02
9.656000000000000227e+01 8.080000000000000071e+00 -1.858499999999999943e+02 -4.981000000000000227e+01 -5.339999999999999858e+00 -2.927500000000000000e+02 -8.495000000000000284e+01 5.299000000000000199e+01 -7.654999999999999716e+01 1.864499999999999886e+02
-4.002000000000000313e+01 -1.102999999999999936e+01 1.406299999999999955e+02 -2.421999999999999886e+01 -1.392999999999999972e+01 -3.520000000000000284e+01 -5.647999999999999687e+01 -6.987999999999999545e+01 -1.480000000000000071e+01 1.602100000000000080e+02
2.719999999999999929e+01 4.167999999999999972e+01 -1.068599999999999994e+02 -3.985999999999999943e+01 -2.273999999999999844e+01 8.879000000000000625e+01 -3.010000000000000142e+01 -2.700799999999999841e+02 2.737999999999999901e+01 -1.574600000000000080e+02
-2.566000000000000014e+01 -6.814000000000000057e+01 2.266000000000000014e+01 1.819999999999999929e+01 4.149000000000000199e+01 1.891899999999999977e+02 3.589000000000000057e+01 2.212999999999999901e+01 -1.748499999999999943e+02 -9.303000000000000114e+01
-1.672400000000000091e+02 2.046999999999999886e+01 -7.442000000000000171e+01 -6.257999999999999829e+01 -3.740000000000000213e+00 -5.892999999999999545e+02 1.462199999999999989e+02 2.395699999999999932e+02 4.211999999999999744e+01 -1.843100000000000023e+02
3.419999999999999929e+00 -9.123999999999999488e+01 1.194999999999999929e+01 -4.121000000000000085e+01 -3.187000000000000099e+01 2.133499999999999943e+02 -1.495900000000000034e+02 7.678000000000000114e+01 5.804999999999999716e+01 1.926000000000000156e+01
1.949000000000000057e+02 7.429999999999999716e+01 4.581000000000000227e+01 1.263799999999999955e+02 4.945000000000000284e+01 9.671999999999999886e+01 3.479399999999999977e+02 5.739000000000000057e+01 4.100999999999999801e+01 2.164099999999999966e+02
-8.165999999999999659e+01 3.579999999999999716e+01 -4.452000000000000313e+01 4.568999999999999773e+01 2.394999999999999929e+01 1.274300000000000068e+02 -2.666800000000000068e+02 -1.768000000000000114e+02 -5.561999999999999744e+01 4.897999999999999687e+01
-3.037999999999999901e+01 7.049999999999999822e+00 6.135999999999999943e+01 3.835999999999999943e+01 -6.168999999999999773e+01 1.298400000000000034e+02 -1.954300000000000068e+02 -1.007900000000000063e+02 -6.987999999999999545e+01 -7.521999999999999886e+01
-3.108600000000000136e+02 1.564000000000000057e+01 -8.973000000000000398e+01 -6.881000000000000227e+01 2.173999999999999844e+01 -3.156299999999999955e+02 3.258799999999999955e+02 1.688000000000000114e+02 -1.163199999999999932e+02 -8.706999999999999318e+01
4.052000000000000313e+01 -4.582000000000000028e+01 -5.404999999999999716e+01 -1.687999999999999901e+01 -3.930000000000000160e+00 -4.802599999999999909e+02 -5.592000000000000171e+01 -6.859999999999999432e+01 2.107500000000000000e+02 4.019999999999999574e+00
2.778700000000000045e+02 -3.936999999999999744e+01 1.774900000000000091e+02 -5.980000000000000426e+00 -5.820000000000000284e+00 4.551200000000000045e+02 -5.274000000000000199e+01 -1.421399999999999864e+02 -5.040000000000000036e+00 1.436100000000000136e+02
1.223199999999999932e+02 5.089000000000000057e+01 -3.782999999999999829e+01 1.739499999999999886e+02 4.870000000000000284e+01 8.401000000000000227e+02 1.045000000000000000e+02 1.642700000000000102e+02 1.423100000000000023e+02 2.731800000000000068e+02
5.656000000000000227e+01 -6.178999999999999915e+01 1.420000000000000000e+02 -1.660000000000000142e+01 -2.223999999999999844e+01 -7.952899999999999636e+02 -3.390500000000000114e+02 -2.298000000000000043e+01 -1.350000000000000089e+00 -2.101899999999999977e+02
-1.096800000000000068e+02 1.489699999999999989e+02 9.560999999999999943e+01 6.401000000000000512e+01 4.335000000000000142e+01 2.553300000000000125e+02 2.385000000000000000e+02 1.833999999999999986e+01 -1.048900000000000006e+02 -2.052500000000000000e+02
-9.615999999999999659e+01 -2.366000000000000014e+01 3.856000000000000227e+01 6.809999999999999609e+00 -1.664999999999999858e+01 -4.259700000000000273e+02 -1.379999999999999893e+00 1.345300000000000011e+02 1.628000000000000114e+01 2.953100000000000023e+02
2.460000000000000142e+01 -2.487999999999999901e+01 5.597999999999999687e+01 -3.742000000000000171e+01 5.790000000000000036e+00 1.186200000000000045e+02 8.815999999999999659e+01 1.017999999999999972e+01 8.259000000000000341e+01 3.970000000000000284e+01
1.594000000000000057e+02 -7.506000000000000227e+01 2.082999999999999829e+01 -1.497400000000000091e+02 -4.603000000000000114e+01 2.593199999999999932e+02 -3.557000000000000028e+01 -2.284099999999999966e+02 -1.340000000000000000e+02 -1.976500000000000057e+02
2.003499999999999943e+02 1.901000000000000156e+01 8.429999999999999716e+00 1.481800000000000068e+02 2.728999999999999915e+01 -4.834000000000000341e+01 -3.045299999999999727e+02 1.932199999999999989e+02 1.101899999999999977e+02 1.742800000000000011e+02
-1.483100000000000023e+02 -2.459999999999999964e+00 4.565999999999999659e+01 5.025000000000000000e+01 1.077999999999999936e+01 3.629999999999999893e+00 2.854700000000000273e+02 -1.392700000000000102e+02 -5.717000000000000171e+01 -1.072000000000000064e+01
-9.251999999999999602e+01 1.131599999999999966e+02 -2.612000000000000099e+01 -1.630600000000000023e+02 9.799999999999999822e-01 -1.879099999999999966e+02 2.467999999999999972e+01 -2.251999999999999957e+01 8.135999999999999943e+01 -1.166400000000000006e+02
-1.434799999999999898e+02 -9.332999999999999829e+01 -1.490900000000000034e+02 1.406100000000000136e+02 -6.089999999999999858e+00 2.323000000000000114e+02 -6.061999999999999744e+01 2.175200000000000102e+02 -1.685800000000000125e+02 4.250999999999999801e+01
-7.634999999999999432e+01 2.755999999999999872e+01 1.818600000000000136e+02 -9.604000000000000625e+01 -4.064000000000000057e+01 -2.047100000000000080e+02 2.073899999999999864e+02 -1.787100000000000080e+02 7.804999999999999716e+01 -1.173900000000000006e+02
5.203000000000000114e+01 -3.860000000000000142e+01 -1.324600000000000080e+02 4.146999999999999886e+01 3.310000000000000142e+01 1.710300000000000011e+02 -3.884000000000000341e+01 -1.246800000000000068e+02 -4.090999999999999659e+01 1.061599999999999966e+02
2.490000000000000213e+00 -7.515999999999999659e+01 -8.539999999999999147e+00 -5.299999999999999822e+00 -1.025999999999999979e+01 -6.021000000000000085e+01 -8.384999999999999432e+01 -7.437999999999999545e+01 6.639000000000000057e+01 1.270799999999999983e+02
-7.396999999999999886e+01 -1.621999999999999886e+01 -1.129800000000000040e+02 -4.822999999999999687e+01 -2.032000000000000028e+01 1.100000000000000000e+01 -1.949900000000000091e+02 1.824399999999999977e+02 -6.332000000000000028e+01 -3.910899999999999750e+02
9.404999999999999716e+01 1.729000000000000057e+02 -5.767000000000000171e+01 -5.427000000000000313e+01 -2.519000000000000128e+01 -4.095299999999999727e+02 -1.916899999999999977e+02 9.007999999999999829e+01 -8.529999999999999716e+01 1.973000000000000114e+02
-5.610000000000000320e+00 -6.099999999999999867e-01 1.476999999999999957e+01 4.310000000000000142e+01 5.471999999999999886e+01 4.051800000000000068e+02 2.970600000000000023e+02 2.676999999999999957e+01 7.729999999999999716e+01 -1.121599999999999966e+02
9.679999999999999716e+00 -1.831599999999999966e+02 -6.186999999999999744e+01 1.291699999999999875e+02 3.105000000000000071e+01 -3.614700000000000273e+02 -2.585199999999999818e+02 -1.572700000000000102e+02 3.129999999999999893e+00 5.111999999999999744e+01
8.130000000000000782e+00 6.067999999999999972e+01 -6.410999999999999943e+01 4.682000000000000028e+01 -5.359000000000000341e+01 2.957200000000000273e+02 -1.761899999999999977e+02 5.221999999999999886e+01 -1.019599999999999937e+02 2.711299999999999955e+02
-1.213400000000000034e+02 3.965999999999999659e+01 -7.356999999999999318e+01 -1.213000000000000078e+01 -3.030000000000000071e+01 -3.482699999999999818e+02 1.809199999999999875e+02 5.943999999999999773e+01 1.388400000000000034e+02 -3.013100000000000023e+02
6.669999999999999929e+00 -2.637000000000000099e+01 -2.460000000000000142e+01 -9.771999999999999886e+01 3.639000000000000057e+01 2.999999999999999889e-01 2.682999999999999829e+01 -1.754699999999999989e+02 -9.329999999999999716e+01 -2.387999999999999901e+01
2.082100000000000080e+02 2.080000000000000071e+01 2.619999999999999929e+01 -5.764999999999999858e+01 2.426999999999999957e+01 -8.054000000000000625e+01 7.700000000000000000e+01 3.399800000000000182e+02 4.513000000000000256e+01 4.784000000000000341e+01
-4.363000000000000256e+01 -8.919999999999999929e+00 -5.640999999999999659e+01 1.112999999999999972e+02 1.334999999999999964e+01 4.718899999999999864e+02 -1.909999999999999920e+00 -1.586500000000000057e+02 5.264000000000000057e+01 2.424699999999999989e+02
5.140999999999999659e+01 8.279000000000000625e+01 -4.849000000000000199e+01 1.209899999999999949e+02 3.919999999999999929e+00 2.759999999999999787e+00 2.081599999999999966e+02 -7.389000000000000057e+01 7.900000000000000355e+00 1.468600000000000136e+02
-8.690000000000000568e+01 2.894000000000000128e+01 1.353999999999999915e+01 3.155000000000000071e+01 4.049999999999999822e+00 1.048599999999999994e+02 -1.482500000000000000e+02 4.789200000000000159e+02 1.425900000000000034e+02 -3.930899999999999750e+02
-7.929999999999999716e+01 -1.242999999999999972e+02 -1.659000000000000057e+02 -4.435000000000000142e+01 -2.548000000000000043e+01 -6.831999999999999318e+01 4.279300000000000068e+02 -5.952999999999999545e+02 -2.032599999999999909e+02 -1.502999999999999936e+01
-4.190000000000000391e+00 1.101800000000000068e+02 -8.929999999999999716e+00 -4.727000000000000313e+01 2.207999999999999829e+01 -2.505200000000000102e+02 -1.362199999999999989e+02 3.636800000000000068e+02 1.046700000000000017e+02 5.210900000000000318e+02
1.007999999999999972e+02 -6.876999999999999602e+01 8.206000000000000227e+01 -1.255300000000000011e+02 -1.790000000000000036e+00 5.965399999999999636e+02 6.278999999999999915e+01 -1.510600000000000023e+02 3.399999999999999911e+00 -1.049899999999999949e+02
1.335099999999999909e+02 9.520999999999999375e+01 -7.550000000000000000e+01 2.281599999999999966e+02 -3.631000000000000227e+01 -4.055000000000000000e+02 -2.027100000000000080e+02 -1.618199999999999932e+02 -4.852000000000000313e+01 -3.411700000000000159e+02
-1.821999999999999886e+01 -8.584000000000000341e+01 8.204999999999999716e+01 -1.593999999999999950e+01 -3.400000000000000244e-01 5.727500000000000000e+02 -7.857999999999999829e+01 5.416000000000000227e+02 6.509999999999999432e+01 7.237999999999999545e+01
-3.711999999999999744e+01 2.601999999999999957e+01 -1.345699999999999932e+02 -2.108999999999999986e+01 4.053999999999999915e+01 -4.580699999999999932e+02 4.303999999999999915e+01 -2.187199999999999989e+02 -5.093999999999999773e+01 2.742000000000000171e+01
-2.629999999999999893e+00 1.994999999999999929e+01 3.947999999999999687e+01 4.167999999999999972e+01 3.447999999999999687e+01 1.901699999999999875e+02 2.035900000000000034e+02 3.866600000000000250e+02 -1.574000000000000021e+01 8.981000000000000227e+01
3.055999999999999872e+01 -1.696000000000000085e+01 -1.290200000000000102e+02 3.001000000000000156e+01 -3.062000000000000099e+01 -8.162000000000000455e+01 -3.614000000000000057e+01 -4.752400000000000091e+02 -3.940999999999999659e+01 1.628799999999999955e+02
-1.097500000000000000e+02 -2.153000000000000114e+01 -1.978999999999999915e+01 -1.313899999999999864e+02 -4.928999999999999915e+01 -2.204199999999999875e+02 -4.734200000000000159e+02 -9.945000000000000284e+01 -1.084699999999999989e+02 -3.836700000000000159e+02
6.910999999999999943e+01 -4.807999999999999829e+01 -1.126099999999999994e+02 -4.753000000000000114e+01 3.649000000000000199e+01 4.607999999999999829e+01 2.544000000000000128e+01 -1.960300000000000011e+02 5.667000000000000171e+01 -7.921999999999999886e+01
-2.653999999999999773e+02 -1.013100000000000023e+02 -6.593999999999999773e+01 -1.583000000000000007e+01 -1.417999999999999972e+01 2.877200000000000273e+02 -4.368999999999999773e+01 2.007199999999999989e+02 3.781000000000000227e+01 1.813700000000000045e+02
2.129999999999999893e+00 1.959099999999999966e+02 4.089999999999999858e+01 1.142900000000000063e+02 -8.109999999999999432e+00 -3.505799999999999841e+02 3.823100000000000023e+02 8.849999999999999645e+00 9.900000000000000355e+00 5.249000000000000199e+01
5.065999999999999659e+01 -5.853000000000000114e+01 5.250000000000000000e+00 7.271999999999999886e+01 2.355999999999999872e+01 -9.350000000000000000e+01 -1.844999999999999929e+01 8.548999999999999488e+01 -1.209699999999999989e+02 -7.945000000000000284e+01
1.400999999999999943e+02 -8.519999999999999574e+00 -2.024099999999999966e+02 -7.029999999999999716e+01 -2.073999999999999844e+01 3.752699999999999818e+02 -5.867999999999999972e+01 4.525999999999999801e+01 -7.509999999999999787e+00 1.781500000000000057e+02
-5.796999999999999886e+01 3.353999999999999915e+01 -8.734000000000000341e+01 -3.589999999999999858e+01 5.849999999999999645e+00 -2.400200000000000102e+02 -1.251999999999999957e+01 -1.315500000000000114e+02 1.637999999999999901e+01 1.128700000000000045e+02
5.389000000000000057e+01 3.845000000000000284e+01 -1.225799999999999983e+02 -4.222999999999999687e+01 2.501999999999999957e+01 2.789000000000000057e+01 -9.423000000000000398e+01 2.785999999999999943e+01 -7.892000000000000171e+01 -2.248700000000000045e+02
-4.370000000000000107e+00 -1.073700000000000045e+02 -6.150000000000000000e+01 9.787000000000000455e+01 -8.650000000000000355e+00 -7.098999999999999488e+01 2.004300000000000068e+02 7.853000000000000114e+01 1.395099999999999909e+02 -6.904000000000000625e+01
3.410999999999999943e+01 4.911999999999999744e+01 1.143400000000000034e+02 -5.200999999999999801e+01 1.780000000000000027e+00 2.580799999999999841e+02 -3.306000000000000227e+01 -2.476000000000000156e+01 3.570000000000000284e+01 -1.939999999999999858e+01
1.412400000000000091e+02 9.076000000000000512e+01 -7.256999999999999318e+01 1.573499999999999943e+02 -8.589999999999999858e+00 -1.174800000000000040e+02 -1.565999999999999943e+02 1.252500000000000000e+02 -2.585999999999999943e+01 1.132300000000000040e+02
-9.334999999999999432e+01 5.103000000000000114e+01 -6.780000000000000249e+00 4.420000000000000284e+01 3.135000000000000142e+01 3.475000000000000000e+01 1.000199999999999960e+02 1.896100000000000136e+02 2.233600000000000136e+02 1.106700000000000017e+02
-5.950000000000000178e+00 -1.037900000000000063e+02 9.281000000000000227e+01 1.475500000000000114e+02 1.085999999999999943e+01 -4.202000000000000313e+01 3.513199999999999932e+02 -2.250900000000000034e+02 -1.115499999999999972e+02 -1.307100000000000080e+02
-1.063299999999999983e+02 7.606999999999999318e+01 -1.396100000000000136e+02 -1.208799999999999955e+02 -2.973000000000000043e+01 -3.464200000000000159e+02 -2.493600000000000136e+02 3.397799999999999727e+02 -1.076599999999999966e+02 -4.017999999999999972e+01
5.849000000000000199e+01 -5.435999999999999943e+01 -7.820000000000000284e+00 -9.173999999999999488e+01 4.424000000000000199e+01 4.633799999999999955e+02 -2.068700000000000045e+02 -4.340699999999999932e+02 7.632999999999999829e+01 2.533400000000000034e+02
-6.900000000000000355e+00 2.905999999999999872e+01 9.807999999999999829e+01 7.437000000000000455e+01 -3.753000000000000114e+01 -6.862000000000000455e+01 2.272100000000000080e+02 9.640999999999999659e+01 7.169999999999999929e+00 -3.704599999999999795e+02
3.882000000000000028e+01 -1.225799999999999983e+02 3.725000000000000000e+01 -3.878999999999999915e+01 -5.410999999999999943e+01 3.480099999999999909e+02 6.557999999999999829e+01 1.260900000000000034e+02 -1.150499999999999972e+02 1.391800000000000068e+02
-9.970999999999999375e+01 -1.842000000000000171e+01 -1.441699999999999875e+02 -4.010000000000000142e+01 4.267999999999999972e+01 -3.936399999999999864e+02 9.462999999999999545e+01 2.569999999999999840e+00 1.133100000000000023e+02 1.214800000000000040e+02
-2.303999999999999915e+01 2.482000000000000028e+01 8.420000000000000284e+01 1.575000000000000000e+01 -3.529999999999999805e+00 -9.860999999999999943e+01 -2.541100000000000136e+02 -2.879499999999999886e+02 -3.396999999999999886e+01 -3.026299999999999955e+02
1.516999999999999886e+02 1.486999999999999886e+02 6.053999999999999915e+01 3.410000000000000142e+01 4.459000000000000341e+01 3.954499999999999886e+02 7.204000000000000625e+01 1.143599999999999994e+02 1.058000000000000007e+01 1.170999999999999943e+02
-3.517999999999999972e+01 -7.110000000000000320e+00 1.317299999999999898e+02 2.585000000000000142e+01 -4.040000000000000036e+00 -1.992400000000000091e+02 -1.027800000000000011e+02 1.160999999999999943e+02 -7.475000000000000000e+01 2.303799999999999955e+02
-3.853999999999999915e+01 -6.951999999999999602e+01 1.136700000000000017e+02 -8.509000000000000341e+01 2.764000000000000057e+01 2.301999999999999886e+02 1.666299999999999955e+02 -1.751899999999999977e+02 5.013000000000000256e+01 -7.629000000000000625e+01
1.540500000000000114e+02 3.285000000000000142e+01 -2.780999999999999872e+01 1.545800000000000125e+02 -2.835000000000000142e+01 -5.559199999999999591e+02 -7.087000000000000455e+01 2.858600000000000136e+02 1.472500000000000000e+02 -1.008599999999999994e+02
-7.054000000000000625e+01 3.189999999999999858e+01 1.761100000000000136e+02 -1.483700000000000045e+02 -3.350000000000000089e+00 2.361299999999999955e+02 -3.686999999999999744e+01 -4.407900000000000205e+02 -1.723899999999999864e+02 2.789100000000000250e+02
-4.020000000000000284e+01 -1.685999999999999943e+01 -7.506000000000000227e+01 -2.850000000000000089e+00 -7.540000000000000036e+00 1.399999999999999911e+00 1.408999999999999986e+01 3.027500000000000000e+02 -2.300000000000000100e-01 -1.048400000000000034e+02
-1.789900000000000091e+02 -5.027000000000000313e+01 -6.700000000000000000e+01 1.090400000000000063e+02 6.800000000000000488e-01 1.291100000000000136e+02 -1.032199999999999989e+02 2.737400000000000091e+02 8.178000000000000114e+01 -7.945000000000000284e+01
-1.739999999999999858e+01 -1.994999999999999929e+01 2.244799999999999898e+02 4.009999999999999787e+00 -3.669999999999999929e+00 4.528299999999999841e+02 1.294799999999999898e+02 -4.438399999999999750e+02 -2.596999999999999886e+01 9.273999999999999488e+01
1.195499999999999972e+02 2.235999999999999943e+01 1.298000000000000043e+01 -1.985999999999999943e+01 -2.021999999999999886e+01 -9.376399999999999864e+02 4.392000000000000171e+01 1.032800000000000011e+02 4.882999999999999829e+01 -1.196800000000000068e+02
-4.717999999999999972e+01 -2.505000000000000071e+01 8.604000000000000625e+01 4.342999999999999972e+01 2.212999999999999901e+01 2.583100000000000023e+02 -7.170999999999999375e+01 3.020699999999999932e+02 -2.285999999999999943e+01 -1.568600000000000136e+02
-8.279999999999999361e+00 3.864999999999999858e+01 8.084999999999999432e+01 1.042800000000000011e+02 -9.390000000000000568e+00 2.755099999999999909e+02 2.020000000000000000e+02 -7.571999999999999886e+01 -1.004599999999999937e+02 2.573700000000000045e+02
-4.228999999999999915e+01 -1.833999999999999986e+01 8.587000000000000455e+01 -5.289999999999999858e+01 -2.399999999999999911e+00 -4.609000000000000341e+01 -1.483300000000000125e+02 -3.016800000000000068e+02 6.328999999999999915e+01 -2.569499999999999886e+02
5.229999999999999716e+01 -3.553999999999999915e+01 2.414600000000000080e+02 -1.179200000000000017e+02 -1.662999999999999901e+01 -1.335600000000000023e+02 2.998999999999999844e+01 2.628700000000000045e+02 4.457999999999999829e+01 9.800000000000000711e+00
1.104699999999999989e+02 7.956000000000000227e+01 -7.168999999999999773e+01 -1.018700000000000045e+02 8.580000000000000071e+00 -1.091899999999999977e+02 -4.274000000000000199e+01 -3.439000000000000057e+01 -1.363600000000000136e+02 3.878000000000000114e+02
-6.698000000000000398e+01 -3.046999999999999886e+01 -1.531100000000000136e+02 1.016500000000000057e+02 4.211999999999999744e+01 -1.010199999999999960e+02 -1.550099999999999909e+02 2.180200000000000102e+02 2.543899999999999864e+02 -1.649499999999999886e+02
4.578999999999999915e+01 -3.107000000000000028e+01 4.028600000000000136e+02 1.457400000000000091e+02 -2.201999999999999957e+01 8.431999999999999318e+01 2.396699999999999875e+02 2.476000000000000156e+01 -2.225999999999999943e+02 2.519699999999999989e+02
-1.550000000000000044e+00 6.709000000000000341e+01 -1.463000000000000078e+01 -2.201000000000000156e+01 1.723000000000000043e+01 1.481699999999999875e+02 -3.310000000000000053e+00 -2.100699999999999932e+02 1.644000000000000128e+01 1.919999999999999929e+00
-3.204999999999999716e+01 2.003000000000000114e+01 2.093700000000000045e+02 7.837000000000000455e+01 1.246000000000000085e+01 -2.401999999999999957e+01 -1.220999999999999943e+02 -1.020000000000000018e+00 1.110900000000000034e+02 -3.115000000000000000e+02
1.479000000000000057e+02 -4.629999999999999893e+00 -8.667000000000000171e+01 -1.274099999999999966e+02 3.699999999999999956e-01 3.379999999999999716e+01 -7.540000000000000568e+01 -2.206200000000000045e+02 -2.673999999999999844e+01 1.826999999999999886e+02
-1.644499999999999886e+02 -1.541999999999999993e+01 1.125000000000000000e+02 1.869199999999999875e+02 -9.539999999999999147e+00 2.818999999999999773e+02 1.439300000000000068e+02 1.897199999999999989e+02 8.243999999999999773e+01 2.845299999999999727e+02
7.176999999999999602e+01 3.185999999999999943e+01 -2.696999999999999886e+01 -6.973000000000000398e+01 1.314000000000000057e+01 -2.531800000000000068e+02 1.009500000000000028e+02 2.876800000000000068e+02 3.507000000000000028e+01 -1.959499999999999886e+02
-4.997999999999999687e+01 -3.371999999999999886e+01 1.075400000000000063e+02 -1.368300000000000125e+02 -1.820000000000000062e+00 8.237999999999999545e+01 -2.154000000000000057e+02 -1.340699999999999932e+02 -2.139900000000000091e+02 -1.262699999999999960e+02
2.848000000000000043e+01 5.320000000000000284e+00 -1.029699999999999989e+02 -1.357000000000000028e+01 -7.500000000000000000e+00 7.469999999999999751e+00 2.293700000000000045e+02 -2.296399999999999864e+02 8.164000000000000057e+01 -1.725500000000000114e+02
-1.053599999999999994e+02 -7.428000000000000114e+01 1.866000000000000014e+01 3.767999999999999972e+01 8.820000000000000284e+00 -3.410500000000000114e+02 -2.615400000000000205e+02 -9.590999999999999659e+01 3.217999999999999972e+01 -4.879999999999999716e+01
1.817999999999999972e+01 -5.120000000000000107e+00 9.745000000000000284e+01 1.389600000000000080e+02 -1.340000000000000036e+01 2.181100000000000136e+02 1.416000000000000014e+01 6.604000000000000625e+01 -5.600999999999999801e+01 -4.860000000000000142e+01
-1.066000000000000014e+01 1.049500000000000028e+02 1.081299999999999955e+02 -3.721000000000000085e+01 7.969999999999999751e+00 3.205400000000000205e+02 2.478899999999999864e+02 1.797100000000000080e+02 5.870000000000000284e+01 -5.610999999999999943e+01
8.307999999999999829e+01 2.857999999999999829e+01 -7.056999999999999318e+01 1.001500000000000057e+02 -5.002000000000000313e+01 -7.971999999999999886e+01 -4.500000000000000111e-01 -2.381800000000000068e+02 -7.332999999999999829e+01 2.961899999999999977e+02
3.005000000000000071e+01 -8.995999999999999375e+01 1.508000000000000007e+01 -2.106399999999999864e+02 6.031000000000000227e+01 -4.180699999999999932e+02 -3.030400000000000205e+02 2.707999999999999829e+01 -2.376399999999999864e+02 -2.662900000000000205e+02
-6.267000000000000171e+01 -9.640000000000000568e+00 -1.258400000000000034e+02 -1.199500000000000028e+02 -7.580000000000000071e+00 1.271599999999999966e+02 -1.848999999999999844e+01 -6.335999999999999943e+01 1.303000000000000114e+02 2.322199999999999989e+02
2.605999999999999872e+01 3.120000000000000107e+00 1.293700000000000045e+02 9.846999999999999886e+01 -2.273999999999999844e+01 -1.295099999999999909e+02 1.091099999999999994e+02 1.529900000000000091e+02 1.149000000000000057e+02 2.170800000000000125e+02
8.176000000000000512e+01 -2.773000000000000043e+01 2.470000000000000195e+00 1.555399999999999920e+02 3.629999999999999716e+01 5.051100000000000136e+02 5.953000000000000114e+01 3.821100000000000136e+02 6.261999999999999744e+01 -3.355199999999999818e+02
-7.476999999999999602e+01 1.482899999999999920e+02 7.854000000000000625e+01 1.103499999999999943e+02 3.532999999999999829e+01 -5.754500000000000455e+02 -1.351299999999999955e+02 2.698999999999999844e+01 -4.131000000000000227e+01 1.590999999999999943e+02
1.785399999999999920e+02 1.825000000000000000e+01 -1.575800000000000125e+02 3.064999999999999858e+01 -1.570000000000000062e+00 1.177199999999999989e+02 9.729000000000000625e+01 -1.385699999999999932e+02 -7.599999999999999645e+00 1.813000000000000114e+02
4.370000000000000107e+00 -9.401000000000000512e+01 -1.073000000000000043e+01 -2.917000000000000171e+01 -2.048999999999999844e+01 2.381100000000000136e+02 -9.429000000000000625e+01 -4.530000000000000249e+00 1.143199999999999932e+02 -1.579900000000000091e+02
3.260999999999999943e+01 5.974000000000000199e+01 3.267999999999999972e+01 3.710000000000000142e+01 7.269999999999999574e+00 -2.073899999999999864e+02 1.322100000000000080e+02 -1.308600000000000136e+02 -6.679999999999999716e+00 1.149500000000000028e+02
-2.386299999999999955e+02 4.600999999999999801e+01 -7.773999999999999488e+01 5.613000000000000256e+01 -1.002999999999999936e+01 5.051600000000000250e+02 1.260999999999999943e+02 4.670000000000000284e+01 -1.246000000000000085e+01 3.271999999999999886e+01
-1.260000000000000000e+02 -1.091800000000000068e+02 -1.007199999999999989e+02 -1.766999999999999886e+02 -3.672999999999999687e+01 -1.597800000000000011e+02 -1.713000000000000114e+02 -4.535999999999999943e+01 -6.089999999999999858e+01 -1.952599999999999909e+02
1.658100000000000023e+02 -1.183999999999999986e+01 -1.751999999999999957e+01 2.403999999999999915e+01 -1.580000000000000071e+00 -4.188000000000000114e+02 1.630000000000000071e+01 3.509999999999999787e+00 5.169999999999999929e+00 -6.292000000000000171e+01
6.142999999999999972e+01 1.450000000000000000e+01 4.089000000000000057e+01 1.508999999999999986e+01 8.023000000000000398e+01 4.918199999999999932e+02 2.621499999999999773e+02 4.478000000000000114e+01 -5.914000000000000057e+01 -6.829000000000000625e+01
8.118999999999999773e+01 -2.896999999999999886e+01 -1.603199999999999932e+02 -1.789000000000000057e+01 -7.575000000000000000e+01 -2.054399999999999977e+02 -2.393499999999999943e+02 -2.682799999999999727e+02 7.600000000000000000e+01 -7.281000000000000227e+01
-1.383899999999999864e+02 -1.054500000000000028e+02 5.409000000000000341e+01 7.799999999999999822e+00 3.728000000000000114e+01 2.885500000000000114e+02 8.071999999999999886e+01 1.252199999999999989e+02 -2.124099999999999966e+02 2.628100000000000023e+02
-5.231000000000000227e+01 9.418999999999999773e+01 -1.296399999999999864e+02 -1.019800000000000040e+02 6.400000000000000355e+00 -5.342400000000000091e+02 -5.128000000000000114e+01 -6.479000000000000625e+01 7.379999999999999716e+01 -3.185199999999999818e+02
-7.073999999999999488e+01 9.029000000000000625e+01 -4.289000000000000057e+01 1.973999999999999844e+01 -8.112000000000000455e+01 1.798199999999999932e+02 -1.388400000000000034e+02 3.087999999999999901e+01 -4.364000000000000057e+01 2.572799999999999727e+02
1.298499999999999943e+02 -1.067300000000000040e+02 1.680999999999999943e+02 -8.439999999999999503e+00 8.403000000000000114e+01 1.630399999999999920e+02 1.066700000000000017e+02 -5.893999999999999773e+01 -7.987999999999999545e+01 2.476399999999999864e+02
-1.744999999999999929e+01 1.819999999999999929e+01 -1.973400000000000034e+02 3.961999999999999744e+01 -1.005000000000000071e+01 -2.338899999999999864e+02 -3.293600000000000136e+02 -1.829300000000000068e+02 5.928000000000000114e+01 -1.842700000000000102e+02
-7.465000000000000568e+01 3.203000000000000114e+01 -1.637000000000000099e+01 -2.719000000000000128e+01 -8.560000000000000497e+00 7.362999999999999545e+01 3.041100000000000136e+02 3.825000000000000000e+02 1.639000000000000057e+01 -1.889999999999999858e+01
9.304000000000000625e+01 7.900000000000000355e-01 2.832000000000000028e+01 1.510999999999999943e+02 5.356000000000000227e+01 -2.418100000000000023e+02 -9.398999999999999488e+01 -7.264000000000000057e+01 1.398499999999999943e+02 -4.334499999999999886e+02
-1.571000000000000085e+01 9.701000000000000512e+01 -3.797999999999999687e+01 1.591000000000000014e+01 -5.203000000000000114e+01 2.088499999999999943e+02 1.996100000000000136e+02 1.829799999999999898e+02 -3.246000000000000085e+01 4.207099999999999795e+02
-1.334300000000000068e+02 -3.830000000000000071e+00 1.466100000000000136e+02 -1.887000000000000099e+01 3.642999999999999972e+01 1.974600000000000080e+02 -8.720999999999999375e+01 4.178000000000000114e+01 -5.697999999999999687e+01 3.285299999999999727e+02
1.579099999999999966e+02 -6.349000000000000199e+01 -1.843700000000000045e+02 -2.896000000000000085e+01 -8.320000000000000284e+00 -3.235000000000000000e+02 -2.030099999999999909e+02 -2.403499999999999943e+02 7.299999999999999822e-01 -4.413799999999999955e+02
-1.283000000000000007e+01 7.023999999999999488e+01 -3.974000000000000199e+01 6.309999999999999609e+00 -1.009999999999999964e+01 8.215999999999999659e+01 -4.419999999999999929e+00 4.236800000000000068e+02 -8.006999999999999318e+01 4.553000000000000114e+01
-1.853799999999999955e+02 -7.048999999999999488e+01 2.232000000000000028e+01 -2.448999999999999844e+01 -6.759999999999999787e+00 -9.039999999999999147e+00 3.118899999999999864e+02 -4.895000000000000000e+02 2.258400000000000034e+02 2.312999999999999901e+01
2.806200000000000045e+02 5.535000000000000142e+01 -5.967999999999999972e+01 1.172399999999999949e+02 -3.169000000000000128e+01 1.163900000000000006e+02 -1.811899999999999977e+02 2.813100000000000023e+02 -1.932599999999999909e+02 -1.340399999999999920e+02
-3.678999999999999915e+01 2.133999999999999986e+01 2.321100000000000136e+02 -7.971999999999999886e+01 5.607999999999999829e+01 1.869000000000000128e+01 1.491000000000000014e+01 1.148700000000000045e+02 -6.169999999999999929e+00 3.281800000000000068e+02
-4.307000000000000028e+01 -1.236700000000000017e+02 -9.979999999999999716e+01 -7.304999999999999716e+01 1.290000000000000036e+00 -1.950900000000000034e+02 1.184999999999999964e+01 1.600800000000000125e+02 6.687000000000000455e+01 -8.893000000000000682e+01
-1.360000000000000098e+00 1.171599999999999966e+02 8.976999999999999602e+01 1.355300000000000011e+02 -3.990000000000000213e+00 1.595600000000000023e+02 3.810999999999999943e+01 -2.379399999999999977e+02 -1.441000000000000014e+01 1.686100000000000136e+02
9.560000000000000497e+00 5.657000000000000028e+01 -2.407000000000000028e+01 -4.970000000000000284e+01 2.051000000000000156e+01 1.127099999999999937e+02 1.075999999999999979e+01 3.460000000000000142e+01 1.078299999999999983e+02 1.051899999999999977e+02
-4.660000000000000142e+01 -8.829999999999999716e+01 -5.278000000000000114e+01 -2.982999999999999829e+01 1.679999999999999938e+00 2.673100000000000023e+02 -1.669300000000000068e+02 -2.718500000000000227e+02 3.580000000000000071e+00 -5.073899999999999864e+02
-9.539999999999999147e+00 3.060000000000000053e+00 -1.402800000000000011e+02 1.518400000000000034e+02 -3.699999999999999956e-01 -3.790699999999999932e+02 1.323300000000000125e+02 8.290000000000000568e+01 -1.521699999999999875e+02 4.010999999999999943e+01
-1.674600000000000080e+02 3.247999999999999687e+01 8.679999999999999716e+01 -1.272999999999999972e+02 -4.169999999999999929e+00 7.080000000000000071e+00 -2.357400000000000091e+02 2.372599999999999909e+02 6.160999999999999943e+01 4.487200000000000273e+02
5.946999999999999886e+01 -5.146999999999999886e+01 -1.190499999999999972e+02 2.351999999999999957e+01 5.330000000000000071e+00 1.985000000000000142e+01 3.974200000000000159e+02 7.959999999999999964e+00 5.675999999999999801e+01 -2.765600000000000023e+02
5.707999999999999829e+01 -3.378000000000000114e+01 6.687999999999999545e+01 9.634999999999999432e+01 -3.990000000000000213e+00 1.984199999999999875e+02 -3.167200000000000273e+02 -2.075900000000000034e+02 -5.450000000000000178e+00 -1.623400000000000034e+02
-2.617000000000000171e+01 -3.046999999999999886e+01 -3.527000000000000313e+01 -8.875000000000000000e+01 -1.272000000000000064e+01 1.994799999999999898e+02 -7.589000000000000057e+01 1.817599999999999909e+02 -7.009999999999999432e+01 7.995999999999999375e+01
-3.062999999999999901e+01 9.034000000000000341e+01 -5.169999999999999929e+00 3.785999999999999943e+01 3.399999999999999911e+00 -4.422200000000000273e+02 2.563399999999999750e+02 -1.277399999999999949e+02 -2.537999999999999901e+01 -5.481000000000000227e+01
-2.953000000000000114e+01 -4.639000000000000057e+01 -3.910999999999999943e+01 -3.954999999999999716e+01 4.160000000000000142e+00 2.599200000000000159e+02 -1.625600000000000023e+02 1.003999999999999915e+01 -7.282999999999999829e+01 3.940999999999999659e+01
1.157999999999999972e+02 5.171999999999999886e+01 1.042199999999999989e+02 1.753999999999999915e+01 9.689999999999999503e+00 -8.093999999999999773e+02 -7.848000000000000398e+01 3.062799999999999727e+02 -9.109999999999999432e+00 2.616499999999999773e+02
1.486999999999999922e+01 -2.589999999999999858e+00 2.439999999999999947e+00 -1.019800000000000040e+02 8.580000000000000071e+00 8.576299999999999955e+02 -4.904999999999999716e+01 -4.149700000000000273e+02 -6.617000000000000171e+01 -6.303000000000000114e+01
8.150000000000000355e+00 -5.903999999999999915e+01 -8.931999999999999318e+01 -2.812000000000000099e+01 -8.359999999999999432e+00 -3.544300000000000068e+02 2.960000000000000142e+01 -9.876000000000000512e+01 1.893000000000000114e+02 -4.172999999999999687e+01
8.199999999999999512e-01 -6.580000000000000071e+00 1.471299999999999955e+02 9.979999999999999716e+01 3.067999999999999972e+01 4.155099999999999909e+02 -7.200000000000000178e+00 1.928799999999999955e+02 -6.634000000000000341e+01 -2.681899999999999977e+02
2.908999999999999986e+01 1.707700000000000102e+02 -6.375000000000000000e+01 9.037000000000000455e+01 -3.120000000000000107e+00 -3.972200000000000273e+02 3.859700000000000273e+02 -1.600000000000000033e-01 6.837999999999999545e+01 4.838600000000000136e+02
-9.323999999999999488e+01 -8.709999999999999432e+01 1.987700000000000102e+02 -2.101999999999999957e+01 -2.999999999999999889e-02 2.129799999999999898e+02 -2.414000000000000057e+01 4.067900000000000205e+02 2.000000000000000042e-02 -1.155199999999999960e+02
1.371800000000000068e+02 -3.012999999999999901e+01 -1.303899999999999864e+02 3.917000000000000171e+01 -1.867000000000000171e+01 -1.162600000000000051e+02 -1.202199999999999989e+02 -4.025199999999999818e+02 5.550999999999999801e+01 -6.701000000000000512e+01
-1.339300000000000068e+02 2.035000000000000142e+01 -5.474000000000000199e+01 -4.519999999999999574e+00 -1.189999999999999947e+00 -1.333400000000000034e+02 9.337999999999999545e+01 2.673999999999999773e+02 -1.938400000000000034e+02 3.792999999999999972e+01
-2.520399999999999920e+02 4.099999999999999645e+00 -4.634000000000000341e+01 -7.251000000000000512e+01 1.812000000000000099e+01 1.125000000000000000e+02 -1.537899999999999920e+02 -2.226699999999999875e+02 3.825000000000000000e+01 -2.521100000000000136e+02
1.283600000000000136e+02 -5.521000000000000085e+01 4.732999999999999829e+01 3.467999999999999972e+01 -7.098000000000000398e+01 4.175000000000000000e+01 -2.155000000000000000e+02 1.543100000000000023e+02 3.396000000000000085e+01 2.760400000000000205e+02
6.865000000000000568e+01 3.325000000000000000e+01 6.027000000000000313e+01 -1.790000000000000036e+00 8.143000000000000682e+01 -5.599000000000000199e+01 2.194499999999999886e+02 2.216000000000000014e+01 5.603999999999999915e+01 -2.408000000000000114e+02
1.483700000000000045e+02 -1.375200000000000102e+02 1.140600000000000023e+02 1.049000000000000021e+01 -1.732000000000000028e+01 -7.039000000000000057e+01 -7.492000000000000171e+01 1.083799999999999955e+02 -8.718999999999999773e+01 -1.764000000000000057e+01
-7.504999999999999716e+01 1.112199999999999989e+02 -1.050499999999999972e+02 -4.814000000000000057e+01 -7.579999999999999716e+01 -3.824000000000000199e+01 -3.122699999999999818e+02 4.403999999999999915e+01 -4.379999999999999893e+00 1.564099999999999966e+02
6.061999999999999744e+01 1.199000000000000021e+01 -1.402999999999999936e+01 1.287100000000000080e+02 5.228999999999999915e+01 4.875999999999999801e+01 2.941399999999999864e+02 -3.182599999999999909e+02 -1.619999999999999929e+01 -3.200999999999999801e+01
1.139599999999999937e+02 -1.680000000000000071e+01 1.939199999999999875e+02 -1.867400000000000091e+02 9.259999999999999787e+00 2.747400000000000091e+02 -7.856000000000000227e+01 2.487000000000000099e+01 5.990000000000000213e+00 2.277199999999999989e+02
-2.144999999999999929e+01 4.786999999999999744e+01 -2.114000000000000057e+01 3.715999999999999659e+01 1.335999999999999943e+01 -4.934700000000000273e+02 -2.307100000000000080e+02 -2.356599999999999966e+02 -3.525999999999999801e+01 3.529999999999999716e+01
7.264000000000000057e+01 -2.246999999999999886e+01 1.810000000000000053e+00 -1.694000000000000128e+01 2.148999999999999844e+01 8.143600000000000136e+02 4.813799999999999955e+02 -1.315000000000000036e+01 1.268900000000000006e+02 1.125999999999999979e+01
-1.591599999999999966e+02 4.580000000000000071e+00 -6.196999999999999886e+01 9.156999999999999318e+01 -8.320000000000000284e+00 -6.972400000000000091e+02 -1.187699999999999960e+02 -2.261599999999999966e+02 -4.335000000000000142e+01 -1.255499999999999972e+02
-6.637000000000000455e+01 3.557999999999999829e+01 -2.939000000000000057e+01 6.756000000000000227e+01 -8.869999999999999218e+00 1.219300000000000068e+02 -6.707999999999999829e+01 4.726899999999999977e+02 4.993999999999999773e+01 1.607999999999999829e+01
-2.673000000000000043e+01 -2.898999999999999844e+01 -3.579999999999999716e+01 -8.169999999999999929e+00 2.571999999999999886e+01 2.412400000000000091e+02 3.719399999999999977e+02 2.185600000000000023e+02 8.099999999999999645e+00 -7.145000000000000284e+01
1.097300000000000040e+02 -2.037000000000000099e+01 -6.940999999999999659e+01 -7.110000000000000320e+00 -3.225999999999999801e+01 -2.311800000000000068e+02 1.369300000000000068e+02 -2.262199999999999989e+02 -4.730000000000000426e+00 8.198000000000000398e+01
-5.082000000000000028e+01 -5.953000000000000114e+01 -1.691699999999999875e+02 -9.745999999999999375e+01 -3.475999999999999801e+01 -1.191800000000000068e+02 -5.806699999999999591e+02 -5.547999999999999687e+01 -1.702400000000000091e+02 -2.333700000000000045e+02
-9.401000000000000512e+01 -3.275999999999999801e+01 5.002000000000000313e+01 3.236999999999999744e+01 -1.260000000000000009e+00 3.481000000000000227e+02 2.321399999999999864e+02 -6.235000000000000142e+01 3.753000000000000114e+01 -1.336999999999999922e+01
-1.123000000000000043e+01 3.436999999999999744e+01 -1.737999999999999901e+01 5.622999999999999687e+01 3.019000000000000128e+01 -4.455699999999999932e+02 -1.128900000000000006e+02 3.666399999999999864e+02 2.339999999999999858e+00 1.029500000000000028e+02
4.756000000000000227e+01 -2.712000000000000099e+01 9.996999999999999886e+01 -8.596999999999999886e+01 -4.047999999999999687e+01 2.200900000000000034e+02 -7.425000000000000000e+01 1.125199999999999960e+02 1.790999999999999943e+02 5.818999999999999773e+01
1.518199999999999932e+02 1.101700000000000017e+02 -1.074500000000000028e+02 6.292999999999999972e+01 -7.529000000000000625e+01 -1.532899999999999920e+02 2.121399999999999864e+02 -6.479000000000000625e+01 -1.370399999999999920e+02 -1.241000000000000014e+01
-1.265600000000000023e+02 1.089200000000000017e+02 3.557000000000000028e+01 -9.830000000000000071e+00 1.113299999999999983e+02 2.537700000000000102e+02 -2.124300000000000068e+02 -8.918000000000000682e+01 -1.124500000000000028e+02 2.677699999999999818e+02
1.227800000000000011e+02 -2.312500000000000000e+02 -2.364000000000000057e+01 -1.066599999999999966e+02 2.737000000000000099e+01 -4.076000000000000227e+02 -4.867000000000000171e+01 -3.570199999999999818e+02 2.172199999999999989e+02 -4.990500000000000114e+02
-3.792000000000000171e+01 2.453300000000000125e+02 1.785900000000000034e+02 2.474900000000000091e+02 4.545000000000000284e+01 6.150099999999999909e+02 1.862899999999999920e+02 2.726299999999999955e+02 1.424600000000000080e+02 3.208600000000000136e+02
1.751399999999999864e+02 -1.768799999999999955e+02 7.270999999999999375e+01 3.907999999999999829e+01 6.814000000000000057e+01 9.823000000000000398e+01 1.117999999999999972e+01 2.363600000000000136e+02 -5.417000000000000171e+01 5.830599999999999454e+02
-2.207999999999999829e+01 6.818999999999999773e+01 7.156999999999999318e+01 -1.710600000000000023e+02 -1.277600000000000051e+02 -1.610300000000000011e+02 -3.005400000000000205e+02 -2.549900000000000091e+02 2.771999999999999886e+01 -6.791000000000000227e+02
-1.047000000000000064e+01 3.718999999999999773e+01 -1.998899999999999864e+02 9.462000000000000455e+01 -4.209000000000000341e+01 9.900000000000000355e+00 3.048399999999999750e+02 -8.737000000000000455e+01 -6.921999999999999886e+01 1.523899999999999864e+02
-8.109000000000000341e+01 -1.060000000000000053e+00 1.473700000000000045e+02 1.209500000000000028e+02 1.032900000000000063e+02 -2.391200000000000045e+02 1.575999999999999979e+01 3.279300000000000068e+02 -6.239000000000000057e+01 1.454499999999999886e+02
-3.141000000000000014e+01 -7.460999999999999943e+01 -1.514099999999999966e+02 -5.521999999999999886e+01 -5.602000000000000313e+01 8.230000000000000426e+00 2.401200000000000045e+02 -4.136200000000000045e+02 2.119999999999999929e+01 -5.011000000000000227e+02
-4.561999999999999744e+01 1.630999999999999872e+01 5.146999999999999886e+01 7.490000000000000568e+01 4.607000000000000028e+01 9.779000000000000625e+01 -6.309000000000000341e+01 4.157200000000000273e+02 9.257999999999999829e+01 4.812099999999999795e+02
-7.459999999999999964e+00 1.538100000000000023e+02 6.851000000000000512e+01 2.430999999999999872e+01 -7.679999999999999716e+00 5.705800000000000409e+02 9.800000000000000711e+00 7.769999999999999574e+00 4.157000000000000028e+01 -3.094100000000000250e+02
7.731000000000000227e+01 -6.177000000000000313e+01 1.951999999999999957e+01 -4.661999999999999744e+01 1.222000000000000064e+01 -6.701200000000000045e+02 -4.942999999999999972e+01 -2.906499999999999773e+02 -2.683799999999999955e+02 -2.010300000000000011e+02
-7.101000000000000512e+01 -1.290600000000000023e+02 -1.107999999999999972e+02 -2.722799999999999727e+02 -3.777000000000000313e+01 1.883100000000000023e+02 -1.248299999999999983e+02 7.071999999999999886e+01 -2.107000000000000028e+01 3.425500000000000114e+02
-6.196999999999999886e+01 3.003999999999999915e+01 6.099999999999999645e+00 5.713000000000000256e+01 3.618999999999999773e+01 -4.768899999999999864e+02 3.175099999999999909e+02 4.670000000000000284e+01 3.488000000000000256e+01 -1.344900000000000091e+02
5.964000000000000057e+01 -1.153499999999999943e+02 3.062999999999999901e+01 -4.792000000000000171e+01 -9.269999999999999574e+00 3.490299999999999727e+02 -3.573799999999999955e+02 -3.479999999999999982e+00 -9.120000000000000284e+01 6.057000000000000028e+01
-1.000000000000000000e+00 1.131599999999999966e+02 -2.991000000000000014e+01 6.937999999999999545e+01 -4.213000000000000256e+01 -9.882999999999999829e+01 7.354999999999999716e+01 -1.312199999999999989e+02 5.417999999999999972e+01 1.199999999999999956e+00
-4.363000000000000256e+01 1.534999999999999964e+01 1.864999999999999858e+01 1.162500000000000000e+02 5.002000000000000313e+01 -4.521999999999999886e+01 -2.017700000000000102e+02 1.767599999999999909e+02 1.231400000000000006e+02 6.639000000000000057e+01
1.554600000000000080e+02 5.484000000000000341e+01 8.985999999999999943e+01 9.150000000000000000e+01 -2.207999999999999829e+01 7.643000000000000682e+01 2.439000000000000057e+02 -1.260999999999999943e+02 -2.087999999999999901e+01 -2.021500000000000057e+02
-7.951000000000000512e+01 -1.935999999999999943e+01 -5.600999999999999801e+01 5.935000000000000142e+01 4.882999999999999829e+01 -2.232999999999999829e+01 -1.060999999999999943e+01 4.207599999999999909e+02 1.230499999999999972e+02 5.846799999999999500e+02
-8.756999999999999318e+01 -6.582999999999999829e+01 1.685500000000000114e+02 -1.837999999999999901e+01 -3.220000000000000284e+01 3.001399999999999864e+02 2.356100000000000136e+02 -2.552100000000000080e+02 -6.600000000000000000e+01 1.700000000000000000e+01
9.012000000000000455e+01 1.144300000000000068e+02 -1.025199999999999960e+02 -1.140699999999999932e+02 1.726000000000000156e+01 -1.142199999999999989e+02 -2.592599999999999909e+02 1.323600000000000136e+02 1.018400000000000034e+02 -9.108600000000000136e+02
-2.884200000000000159e+02 -3.590999999999999659e+01 -3.388000000000000256e+01 1.860000000000000142e+01 -3.870000000000000107e+00 3.035999999999999943e+01 -2.829599999999999795e+02 -9.300000000000000000e+01 -1.946999999999999886e+02 3.818000000000000114e+02
2.762400000000000091e+02 7.128000000000000114e+01 -2.951000000000000156e+01 -4.169999999999999929e+00 -2.850000000000000089e+00 -1.292899999999999920e+02 8.693000000000000682e+01 -4.315999999999999659e+01 7.903000000000000114e+01 -6.895999999999999375e+01
-8.330000000000000071e+00 -7.518999999999999773e+01 -3.871000000000000085e+01 3.538000000000000256e+01 6.889999999999999680e+00 -1.905500000000000114e+02 2.838899999999999864e+02 5.523999999999999773e+02 -1.855000000000000071e+01 1.465999999999999943e+02
-1.461800000000000068e+02 -1.267600000000000051e+02 -4.339999999999999858e+01 -9.369999999999999218e+00 -2.896999999999999886e+01 4.384700000000000273e+02 -2.328700000000000045e+02 -6.915299999999999727e+02 -1.685600000000000023e+02 8.893999999999999773e+01
2.120600000000000023e+02 3.048000000000000043e+01 2.400000000000000000e+01 -8.943999999999999773e+01 2.078000000000000114e+01 2.410000000000000142e+00 -7.709999999999999964e+00 1.362899999999999920e+02 2.006800000000000068e+02 -7.250000000000000000e+00
-1.167300000000000040e+02 1.206700000000000017e+02 2.726000000000000156e+01 1.382899999999999920e+02 -6.440000000000000391e+00 -3.147500000000000000e+02 5.854900000000000091e+02 -2.708999999999999773e+02 -4.425000000000000000e+01 1.955000000000000071e+01
2.235999999999999943e+01 -2.110999999999999943e+01 -1.103299999999999983e+02 -4.496999999999999886e+01 1.360999999999999943e+01 2.688600000000000136e+02 -2.887400000000000091e+02 1.765099999999999909e+02 3.699999999999999956e-01 -6.940999999999999659e+01
-2.503000000000000114e+01 4.032000000000000028e+01 -6.290000000000000036e+00 -7.250000000000000000e+01 4.449000000000000199e+01 -1.073700000000000045e+02 -1.420600000000000023e+02 -7.734999999999999432e+01 -1.305300000000000011e+02 2.864499999999999886e+02
-1.446500000000000057e+02 -1.229099999999999966e+02 -2.082599999999999909e+02 5.228999999999999915e+01 -3.786999999999999744e+01 -2.211899999999999977e+02 6.939000000000000057e+01 2.872099999999999795e+02 1.022600000000000051e+02 -1.920000000000000000e+02
1.710699999999999932e+02 7.762999999999999545e+01 1.409799999999999898e+02 8.956000000000000227e+01 -2.919000000000000128e+01 4.873799999999999955e+02 9.312999999999999545e+01 -9.334999999999999432e+01 1.779300000000000068e+02 -4.071000000000000085e+01
-1.924000000000000057e+02 3.329999999999999716e+01 -1.225000000000000000e+02 -6.110000000000000320e+00 2.387999999999999901e+01 -3.536999999999999886e+02 -2.101999999999999957e+01 -1.050999999999999943e+02 -1.077999999999999972e+02 5.221000000000000085e+01
3.011100000000000136e+02 8.443999999999999773e+01 -1.082800000000000011e+02 -1.584999999999999964e+01 1.325000000000000000e+01 -9.009999999999999432e+01 -1.581699999999999875e+02 2.044799999999999898e+02 -1.690500000000000114e+02 -3.330799999999999841e+02
-2.626100000000000136e+02 -1.352999999999999936e+01 -1.169200000000000017e+02 -1.451599999999999966e+02 -1.572000000000000064e+01 -8.450000000000000000e+01 -3.551800000000000068e+02 3.859999999999999876e+00 -1.125999999999999979e+01 1.269300000000000068e+02
2.063400000000000034e+02 -9.245999999999999375e+01 1.117999999999999972e+01 2.430999999999999872e+01 -1.381000000000000050e+01 5.530900000000000318e+02 3.393899999999999864e+02 2.760000000000000142e+01 1.555099999999999909e+02 8.056000000000000227e+01
7.965000000000000568e+01 5.253000000000000114e+01 2.196000000000000085e+01 1.089000000000000057e+02 4.292999999999999972e+01 -5.446599999999999682e+02 2.595400000000000205e+02 1.510999999999999943e+02 -7.879000000000000625e+01 7.473999999999999488e+01
-1.656500000000000057e+02 -4.222999999999999687e+01 -1.029599999999999937e+02 -1.032600000000000051e+02 -1.935999999999999943e+01 1.586699999999999875e+02 2.555999999999999872e+01 -2.507899999999999920e+02 -4.831000000000000227e+01 8.448000000000000398e+01
2.973999999999999844e+01 -7.015000000000000568e+01 -1.839699999999999989e+02 -2.189999999999999858e+01 -2.880999999999999872e+01 -2.267500000000000000e+02 -7.068999999999999773e+01 -2.933399999999999750e+02 4.536999999999999744e+01 -9.168000000000000682e+01
2.848999999999999844e+01 4.857000000000000028e+01 1.651999999999999886e+02 -3.534000000000000341e+01 7.804000000000000625e+01 2.203400000000000034e+02 -2.049300000000000068e+02 3.124599999999999795e+02 -6.606999999999999318e+01 1.597700000000000102e+02
1.888199999999999932e+02 1.226700000000000017e+02 -1.268299999999999983e+02 2.481899999999999977e+02 -4.199999999999999845e-01 6.898999999999999488e+01 4.545799999999999841e+02 -1.293700000000000045e+02 2.302400000000000091e+02 5.921999999999999886e+01
-3.965999999999999659e+01 -3.149999999999999911e+00 2.480099999999999909e+02 4.800999999999999801e+01 -2.089999999999999858e+01 7.318000000000000682e+01 -4.003999999999999915e+01 -8.699999999999999956e-01 2.757000000000000028e+01 2.851000000000000156e+01
-8.493000000000000682e+01 7.435999999999999943e+01 -1.491899999999999977e+02 -8.093000000000000682e+01 -4.899999999999999911e-01 -2.175000000000000000e+01 -3.095099999999999909e+02 2.155200000000000102e+02 -1.621100000000000136e+02 2.115200000000000102e+02
-2.119000000000000057e+02 -9.146999999999999886e+01 -5.404999999999999716e+01 -1.871999999999999886e+01 -6.589999999999999858e+00 -1.867599999999999909e+02 4.371999999999999886e+01 -3.252699999999999818e+02 5.621000000000000085e+01 -2.768500000000000227e+02
-1.081000000000000050e+01 -5.589999999999999858e+01 -1.512700000000000102e+02 1.102199999999999989e+02 2.023000000000000043e+01 3.451200000000000045e+02 -3.243999999999999773e+01 2.932099999999999795e+02 -1.248100000000000023e+02 -2.677799999999999727e+02
2.159799999999999898e+02 -3.504999999999999716e+01 5.210999999999999943e+01 -1.257099999999999937e+02 -5.282000000000000028e+01 -8.767000000000000171e+01 1.394199999999999875e+02 2.953399999999999750e+02 2.662900000000000205e+02 3.265299999999999727e+02
-3.928999999999999915e+01 2.939999999999999947e+00 -1.728600000000000136e+02 7.815000000000000568e+01 1.063000000000000078e+01 3.048000000000000043e+01 1.997899999999999920e+02 -4.464700000000000273e+02 -1.853199999999999932e+02 -2.996000000000000227e+02
-9.673999999999999488e+01 -9.595999999999999375e+01 2.576999999999999957e+01 -1.064800000000000040e+02 -1.026999999999999957e+01 9.673999999999999488e+01 -6.048700000000000045e+02 -1.450999999999999979e+01 -2.944000000000000128e+01 -1.855699999999999932e+02
5.539000000000000057e+01 1.365399999999999920e+02 9.112999999999999545e+01 -2.189999999999999947e+00 -2.283999999999999986e+01 -4.461800000000000068e+02 -1.486999999999999922e+01 2.313899999999999864e+02 -6.093999999999999773e+01 2.913700000000000045e+02
-1.497800000000000011e+02 -1.468100000000000023e+02 -6.984000000000000341e+01 5.128999999999999915e+01 4.563000000000000256e+01 5.978099999999999454e+02 5.816799999999999500e+02 -3.581299999999999955e+02 1.189300000000000068e+02 -1.792700000000000102e+02
2.159499999999999886e+02 4.072999999999999687e+01 9.329000000000000625e+01 1.790000000000000036e+00 1.524000000000000021e+01 -7.394600000000000364e+02 -3.861800000000000068e+02 3.574300000000000068e+02 -6.490999999999999659e+01 -2.209000000000000057e+02
-3.339000000000000057e+01 3.142999999999999972e+01 -9.940000000000000568e+01 -8.634999999999999432e+01 -7.987000000000000455e+01 6.669099999999999682e+02 -9.051000000000000512e+01 -7.590999999999999659e+01 2.033999999999999986e+01 4.761200000000000045e+02
1.600000000000000089e+00 5.806000000000000227e+01 3.595000000000000284e+01 8.199999999999999512e-01 5.331000000000000227e+01 -6.332699999999999818e+02 3.195299999999999727e+02 -2.938500000000000227e+02 -7.940999999999999659e+01 1.498000000000000114e+02
2.980000000000000071e+01 -1.017300000000000040e+02 -1.385399999999999920e+02 -7.242000000000000171e+01 5.827000000000000313e+01 2.390399999999999920e+02 -8.573999999999999488e+01 -2.262999999999999901e+01 -5.409000000000000341e+01 -2.830000000000000000e+02
-3.729999999999999716e+01 1.205300000000000011e+02 9.943000000000000682e+01 1.307599999999999909e+02 -6.698000000000000398e+01 5.315999999999999659e+01 2.006399999999999864e+02 1.964099999999999966e+02 1.653999999999999915e+01 5.213700000000000045e+02
9.139000000000000057e+01 4.040000000000000036e+00 9.621999999999999886e+01 2.937999999999999901e+01 4.414999999999999858e+01 -3.219499999999999886e+02 -7.719999999999999751e+00 2.837000000000000099e+01 1.030199999999999960e+02 -3.063899999999999864e+02
5.672999999999999687e+01 -6.698000000000000398e+01 3.370000000000000107e+00 3.560000000000000053e+00 -6.580000000000000071e+00 3.164700000000000273e+02 -2.285399999999999920e+02 -1.234999999999999964e+01 -2.201999999999999957e+01 -6.993000000000000682e+01
-2.054000000000000057e+02 1.015199999999999960e+02 3.674000000000000199e+01 -5.799999999999999822e+00 3.342000000000000171e+01 -2.592900000000000205e+02 1.864300000000000068e+02 1.408300000000000125e+02 1.202800000000000011e+02 3.942000000000000171e+01
-3.250000000000000000e+01 -1.884499999999999886e+02 1.642000000000000171e+01 1.535200000000000102e+02 -1.215499999999999972e+02 3.556499999999999773e+02 2.365200000000000102e+02 -1.825800000000000125e+02 7.787000000000000455e+01 3.221999999999999886e+01
1.173499999999999943e+02 9.915000000000000568e+01 2.190999999999999943e+02 3.728000000000000114e+01 9.954999999999999716e+01 7.410000000000000142e+00 -2.205099999999999909e+02 4.879800000000000182e+02 -2.891000000000000014e+01 6.654000000000000625e+01
5.820000000000000284e+00 1.348100000000000023e+02 1.236400000000000006e+02 -7.598999999999999488e+01 -2.750000000000000000e+00 5.469999999999999751e+00 -2.659599999999999795e+02 9.601000000000000512e+01 -2.557000000000000028e+01 6.386999999999999744e+01
1.582299999999999898e+02 -1.087300000000000040e+02 5.899000000000000199e+01 2.453000000000000114e+01 7.570000000000000284e+00 -4.121999999999999886e+01 -9.060000000000000497e+00 -4.045299999999999727e+02 -4.017000000000000171e+01 -1.767299999999999898e+02
-8.903000000000000114e+01 -6.895000000000000284e+01 1.935000000000000142e+01 -1.602299999999999898e+02 1.732000000000000028e+01 -4.530000000000000249e+00 -1.707000000000000028e+01 -1.892599999999999909e+02 -8.201999999999999602e+01 -4.315799999999999841e+02
-3.488199999999999932e+02 6.106000000000000227e+01 -4.182999999999999829e+01 -6.900000000000000355e+00 -7.582999999999999829e+01 8.481999999999999318e+01 6.637999999999999545e+01 7.150000000000000355e+00 6.437000000000000455e+01 2.992900000000000205e+02
6.854000000000000625e+01 2.560000000000000053e+00 1.986699999999999875e+02 8.065000000000000568e+01 3.950000000000000178e+00 -8.709999999999999432e+01 -1.069899999999999949e+02 1.567700000000000102e+02 -6.460999999999999943e+01 4.672500000000000000e+02
2.897900000000000205e+02 4.065999999999999659e+01 2.364300000000000068e+02 -5.399000000000000199e+01 8.493000000000000682e+01 1.850000000000000089e+00 -1.070900000000000034e+02 -4.084000000000000341e+01 6.250999999999999801e+01 -3.651899999999999977e+02
-1.381000000000000050e+01 -4.303999999999999915e+01 -2.131800000000000068e+02 -1.334499999999999886e+02 -1.408999999999999986e+01 -1.552999999999999936e+01 2.202100000000000080e+02 4.749000000000000199e+01 -2.583999999999999986e+01 -5.965999999999999659e+01
-8.793000000000000682e+01 3.928999999999999915e+01 1.194899999999999949e+02 2.881100000000000136e+02 9.580000000000000071e+00 -2.148000000000000043e+01 1.897199999999999989e+02 -1.998100000000000023e+02 -8.842000000000000171e+01 1.042999999999999972e+01
-2.953999999999999915e+01 -8.196999999999999886e+01 3.899999999999999911e+00 -1.183700000000000045e+02 -8.800000000000000711e+00 -2.980199999999999818e+02 1.650000000000000000e+01 -6.535999999999999943e+01 -8.378000000000000114e+01 -2.307000000000000028e+01
-7.285999999999999943e+01 7.318000000000000682e+01 6.580000000000000071e+00 -4.747999999999999687e+01 -1.769000000000000128e+01 2.576999999999999886e+02 -1.223100000000000023e+02 8.276999999999999602e+01 5.627000000000000313e+01 1.345099999999999909e+02
-5.650000000000000355e+00 -5.459000000000000341e+01 1.618499999999999943e+02 1.680999999999999872e+01 3.515999999999999659e+01 -1.386399999999999864e+02 5.040000000000000036e+00 4.197500000000000000e+02 7.231999999999999318e+01 -6.826999999999999602e+01
1.861999999999999886e+02 7.057999999999999829e+01 7.012999999999999545e+01 2.657999999999999829e+01 -2.932999999999999829e+01 -1.625800000000000125e+02 2.500000000000000000e+02 -3.387699999999999818e+02 -1.452999999999999936e+01 -8.790000000000000568e+01
-1.192699999999999960e+02 -5.615999999999999659e+01 -1.034500000000000028e+02 -4.671999999999999886e+01 1.468999999999999950e+01 3.913000000000000256e+01 -5.196599999999999682e+02 3.069900000000000091e+02 -2.580000000000000071e+01 1.655699999999999932e+02
7.531000000000000227e+01 2.090800000000000125e+02 1.167900000000000063e+02 5.529999999999999716e+01 -2.959999999999999964e+00 6.521999999999999886e+01 7.168099999999999454e+02 -9.204000000000000625e+01 1.136500000000000057e+02 -1.460800000000000125e+02
2.362000000000000099e+01 -1.538799999999999955e+02 6.715000000000000568e+01 2.653000000000000114e+02 3.634000000000000341e+01 -6.719999999999999751e+00 -5.365700000000000500e+02 -6.720000000000000284e+01 -1.031899999999999977e+02 -3.234000000000000341e+01
-6.000000000000000000e+00 4.857000000000000028e+01 3.030000000000000071e+01 -1.509099999999999966e+02 -3.250000000000000000e+01 3.657699999999999818e+02 -3.668100000000000023e+02 2.624700000000000273e+02 5.481000000000000227e+01 3.039100000000000250e+02
-9.337999999999999545e+01 -1.324199999999999875e+02 -4.892000000000000171e+01 -6.703000000000000114e+01 2.403999999999999915e+01 -9.918000000000000682e+01 3.858799999999999955e+02 -3.349599999999999795e+02 6.810999999999999943e+01 -8.146999999999999886e+01
-1.510000000000000009e+00 2.374300000000000068e+02 -1.423000000000000043e+01 -8.992000000000000171e+01 1.533999999999999986e+01 -8.993000000000000682e+01 1.066099999999999994e+02 8.804999999999999716e+01 -1.069500000000000028e+02 -7.815999999999999659e+01
3.385999999999999943e+01 -3.870000000000000107e+00 -9.029999999999999361e+00 4.113000000000000256e+01 -4.039999999999999858e+01 -1.668700000000000045e+02 1.194800000000000040e+02 3.563000000000000256e+01 6.074000000000000199e+01 -2.803700000000000045e+02
7.915000000000000568e+01 -1.460000000000000000e+02 8.495999999999999375e+01 8.243999999999999773e+01 7.839999999999999858e+00 8.566399999999999864e+02 6.165999999999999659e+01 2.110399999999999920e+02 1.531999999999999886e+02 3.186299999999999955e+02
-3.367999999999999972e+01 -8.689999999999999503e+00 -2.880999999999999872e+01 1.371800000000000068e+02 2.049999999999999822e+00 -8.910599999999999454e+02 4.359000000000000341e+01 -6.064000000000000057e+01 -5.934000000000000341e+01 -1.402800000000000011e+02
-5.774000000000000199e+01 -2.760000000000000142e+01 -9.956000000000000227e+01 -1.170400000000000063e+02 1.614000000000000057e+01 5.510299999999999727e+02 -3.920099999999999909e+02 -4.517999999999999972e+01 -1.815200000000000102e+02 1.237900000000000063e+02
-2.510000000000000142e+01 2.248000000000000043e+01 1.801000000000000156e+01 -2.200399999999999920e+02 -2.160000000000000142e+01 -2.752799999999999727e+02 8.690999999999999659e+01 -8.217000000000000171e+01 7.770999999999999375e+01 5.440000000000000391e+00
1.764000000000000057e+01 -4.121000000000000085e+01 -4.632000000000000028e+01 1.038400000000000034e+02 -3.282999999999999829e+01 -3.034100000000000250e+02 1.945600000000000023e+02 -3.016399999999999864e+02 -1.605699999999999932e+02 -1.373300000000000125e+02
1.400099999999999909e+02 8.437999999999999545e+01 2.330999999999999872e+01 1.029800000000000040e+02 4.557999999999999829e+01 3.223399999999999750e+02 -1.244899999999999949e+02 3.898899999999999864e+02 1.655800000000000125e+02 1.697800000000000011e+02
-9.604999999999999716e+01 -2.623999999999999844e+01 -1.473799999999999955e+02 -1.014699999999999989e+02 3.617999999999999972e+01 1.448300000000000125e+02 -9.490999999999999659e+01 4.367000000000000171e+01 -1.370099999999999909e+02 -1.800099999999999909e+02
1.716000000000000014e+01 1.957000000000000028e+01 -3.228999999999999915e+01 4.057000000000000028e+01 -2.691000000000000014e+01 -5.223700000000000045e+02 8.037000000000000455e+01 -2.449000000000000057e+02 7.806999999999999318e+01 2.697099999999999795e+02
-5.396000000000000085e+01 1.570000000000000062e+00 9.090999999999999659e+01 -3.600999999999999801e+01 -2.764000000000000057e+01 6.388300000000000409e+02 -1.773999999999999844e+01 -1.657000000000000028e+01 3.790000000000000036e+00 -1.193700000000000045e+02
-1.375099999999999909e+02 1.596000000000000085e+01 -1.760699999999999932e+02 -2.800000000000000000e+01 2.564999999999999858e+01 -6.025900000000000318e+02 -2.296500000000000057e+02 6.600000000000000311e-01 -8.580000000000000071e+00 1.593600000000000136e+02
1.563700000000000045e+02 -5.839999999999999858e+00 3.703999999999999915e+01 1.149000000000000057e+02 1.449000000000000021e+01 3.838199999999999932e+02 1.743199999999999932e+02 -1.321899999999999977e+02 -1.503999999999999915e+01 -1.438600000000000136e+02
-4.103000000000000114e+01 -8.089999999999999858e+00 -1.041099999999999994e+02 -4.182000000000000028e+01 -3.231000000000000227e+01 -4.715999999999999659e+01 -1.908999999999999986e+01 1.659300000000000068e+02 -4.282999999999999829e+01 -1.007000000000000028e+02
-1.094500000000000028e+02 -1.005400000000000063e+02 -1.714399999999999977e+02 -5.579999999999999716e+01 3.288000000000000256e+01 -1.798199999999999932e+02 -2.732000000000000028e+01 2.223199999999999932e+02 8.619999999999999218e+00 4.095000000000000284e+01
-5.181000000000000227e+01 8.684999999999999432e+01 3.943999999999999773e+01 5.396000000000000085e+01 -2.948000000000000043e+01 1.467800000000000011e+02 4.250999999999999801e+01 -2.680299999999999727e+02 1.626999999999999886e+02 5.389999999999999680e+00
5.928000000000000114e+01 -2.869000000000000128e+01 1.509300000000000068e+02 9.143000000000000682e+01 3.653000000000000114e+01 2.164999999999999858e+01 -6.889000000000000057e+01 6.050399999999999636e+02 -3.126000000000000156e+01 5.060999999999999943e+01
1.481100000000000136e+02 2.073999999999999844e+01 1.336999999999999922e+01 1.216200000000000045e+02 1.236999999999999922e+01 5.879999999999999893e+00 4.879999999999999893e+00 7.754999999999999716e+01 3.343999999999999773e+01 6.934999999999999432e+01
1.499399999999999977e+02 9.682999999999999829e+01 2.220000000000000195e+00 -1.754900000000000091e+02 -3.689000000000000057e+01 8.220000000000000639e+00 -1.340000000000000080e+00 -2.668100000000000023e+02 -1.449000000000000057e+02 -5.799999999999999600e-01
-3.346999999999999886e+01 -9.537000000000000455e+01 -2.562099999999999795e+02 -8.721999999999999886e+01 6.199999999999999956e-01 -4.497999999999999687e+01 -1.952800000000000011e+02 -2.209199999999999875e+02 -3.771999999999999886e+01 1.664000000000000057e+02
-1.280300000000000011e+02 1.192999999999999972e+01 2.310999999999999943e+01 -9.098000000000000398e+01 2.182000000000000028e+01 -4.511100000000000136e+02 2.288000000000000114e+02 -2.021100000000000136e+02 1.125000000000000000e+01 -2.743199999999999932e+02
-9.289000000000000057e+01 6.381000000000000227e+01 -3.835999999999999943e+01 1.341299999999999955e+02 -8.419999999999999929e+00 4.457400000000000091e+02 2.603000000000000114e+01 2.310600000000000023e+02 7.776000000000000512e+01 1.866899999999999977e+02
1.221599999999999966e+02 2.169999999999999929e+01 8.518000000000000682e+01 1.327100000000000080e+02 2.205000000000000071e+01 1.728400000000000034e+02 -3.119999999999999929e+01 9.629000000000000625e+01 1.428799999999999955e+02 -5.692999999999999972e+01
5.986999999999999744e+01 -6.468999999999999773e+01 6.587000000000000455e+01 -1.000000000000000000e+00 -3.488000000000000256e+01 -9.606999999999999318e+01 1.235699999999999932e+02 2.339300000000000068e+02 -5.271000000000000085e+01 -2.878999999999999773e+02
-1.312400000000000091e+02 -2.203999999999999915e+01 -1.110900000000000034e+02 -7.603000000000000114e+01 1.399999999999999911e+00 7.700000000000000000e+01 1.776100000000000136e+02 -5.637300000000000182e+02 -1.032099999999999937e+02 3.905799999999999841e+02
-4.635999999999999943e+01 -1.750000000000000000e+01 -1.662400000000000091e+02 -1.761399999999999864e+02 2.058999999999999986e+01 -1.177199999999999989e+02 -1.989000000000000057e+02 6.528000000000000114e+01 -4.428999999999999915e+01 -6.229999999999999716e+01
1.522000000000000064e+01 -6.910000000000000142e+00 -8.150000000000000355e+00 5.707000000000000028e+01 2.260000000000000142e+01 -3.450000000000000000e+02 2.053300000000000125e+02 1.141400000000000006e+02 -2.894000000000000128e+01 -2.400000000000000000e+01
7.650000000000000355e+00 -3.622999999999999687e+01 -1.327700000000000102e+02 2.964000000000000057e+01 -1.164000000000000057e+01 3.950600000000000023e+02 -1.390200000000000102e+02 -3.797999999999999687e+01 -8.706999999999999318e+01 -1.450900000000000034e+02
-7.207999999999999829e+01 1.590000000000000080e+00 1.410300000000000011e+02 1.112600000000000051e+02 -1.089000000000000057e+01 -2.617000000000000171e+01 -3.894700000000000273e+02 -5.914999999999999858e+01 1.008599999999999994e+02 -4.635999999999999943e+01
-1.628100000000000023e+02 3.806000000000000227e+01 6.364000000000000057e+01 -1.519900000000000091e+02 1.314000000000000057e+01 -1.579499999999999886e+02 1.937400000000000091e+02 6.959999999999999432e+01 -1.377400000000000091e+02 -4.884000000000000341e+01
1.612899999999999920e+02 2.800000000000000266e-01 4.934000000000000341e+01 -4.150000000000000355e+00 4.290000000000000036e+00 3.729999999999999982e+00 -2.878799999999999955e+02 2.507500000000000000e+02 2.286500000000000057e+02 1.349399999999999977e+02
3.893999999999999773e+01 1.474000000000000021e+01 2.697599999999999909e+02 6.225000000000000000e+01 -9.759999999999999787e+00 -8.548999999999999488e+01 3.114800000000000182e+02 -2.835999999999999943e+01 -1.195300000000000011e+02 -4.210999999999999943e+01
8.256000000000000227e+01 5.253999999999999915e+01 -1.089000000000000057e+02 -3.614000000000000057e+01 2.466000000000000014e+01 -9.400000000000000000e+01 1.807999999999999829e+01 -1.569600000000000080e+02 2.219000000000000128e+01 3.174300000000000068e+02
7.489000000000000057e+01 -2.157000000000000028e+01 2.878600000000000136e+02 2.562000000000000099e+01 1.946999999999999886e+01 1.012300000000000040e+02 -7.467000000000000171e+01 8.949999999999999289e+00 1.241999999999999993e+01 3.889000000000000057e+01
1.133999999999999986e+01 -1.449099999999999966e+02 -7.709999999999999432e+01 1.277500000000000000e+02 1.383999999999999986e+01 3.640999999999999659e+01 -9.198999999999999488e+01 5.899999999999999689e-01 -1.042600000000000051e+02 -2.794499999999999886e+02
-2.703000000000000114e+01 1.924199999999999875e+02 1.486100000000000136e+02 -1.861599999999999966e+02 -4.065999999999999659e+01 -2.087400000000000091e+02 9.279999999999999716e+01 -9.868000000000000682e+01 7.112999999999999545e+01 6.104999999999999716e+01
-8.282999999999999829e+01 5.564999999999999858e+01 1.391000000000000014e+01 8.890000000000000568e+01 -1.596000000000000085e+01 2.187100000000000080e+02 1.304099999999999966e+02 3.699800000000000182e+02 1.780000000000000000e+02 -6.057000000000000028e+01
4.242999999999999972e+01 4.582000000000000028e+01 2.160399999999999920e+02 1.310699999999999932e+02 3.445000000000000284e+01 2.875899999999999750e+02 2.719599999999999795e+02 -2.214199999999999875e+02 -1.280000000000000027e+00 2.453799999999999955e+02
5.129999999999999716e+01 6.760999999999999943e+01 2.607999999999999829e+01 4.829999999999999716e+01 -1.119999999999999929e+01 3.542000000000000171e+01 -2.453799999999999955e+02 1.323000000000000114e+02 5.596000000000000085e+01 -1.290399999999999920e+02
-1.746100000000000136e+02 -7.678000000000000114e+01 -2.496999999999999886e+01 -4.392999999999999972e+01 4.803000000000000114e+01 -8.446399999999999864e+02 3.080699999999999932e+02 2.291200000000000045e+02 -2.155500000000000114e+02 2.083999999999999986e+01
1.391000000000000014e+01 -4.240999999999999659e+01 -2.244399999999999977e+02 -7.851000000000000512e+01 -8.369999999999999218e+00 8.411499999999999773e+02 -1.466800000000000068e+02 -2.606800000000000068e+02 5.032999999999999829e+01 -2.816200000000000045e+02
2.673000000000000043e+01 -2.226000000000000156e+01 3.664999999999999858e+01 1.339000000000000057e+01 -2.689999999999999858e+01 -2.224900000000000091e+02 1.018400000000000034e+02 4.086999999999999744e+01 -9.742000000000000171e+01 1.207199999999999989e+02
2.705999999999999872e+01 -2.003000000000000114e+01 8.248999999999999488e+01 -2.580099999999999909e+02 -6.899999999999999467e-01 1.521699999999999875e+02 -4.354700000000000273e+02 -4.833899999999999864e+02 -2.946999999999999886e+01 3.139000000000000057e+01
3.609000000000000341e+01 -7.535999999999999943e+01 -2.594999999999999929e+01 1.102099999999999937e+02 -2.198999999999999844e+01 -6.584000000000000341e+01 -2.357100000000000080e+02 1.410500000000000114e+02 4.500999999999999801e+01 -3.366200000000000045e+02
4.590999999999999659e+01 -1.967000000000000171e+01 -1.030199999999999960e+02 1.683199999999999932e+02 3.653999999999999915e+01 -5.441900000000000546e+02 3.961100000000000136e+02 5.210299999999999727e+02 -3.492999999999999972e+01 -1.068599999999999994e+02
1.349000000000000021e+01 4.674000000000000199e+01 6.579999999999999716e+01 -4.360999999999999943e+01 1.124000000000000021e+01 2.210600000000000023e+02 1.443100000000000023e+02 -3.413700000000000045e+02 -4.669999999999999929e+00 4.948500000000000227e+02
-7.478000000000000114e+01 5.040999999999999659e+01 -2.694999999999999929e+01 -1.480999999999999943e+02 4.145000000000000284e+01 2.428600000000000136e+02 3.471000000000000085e+01 1.355600000000000023e+02 8.509000000000000341e+01 1.728400000000000034e+02
2.294000000000000128e+01 -5.000000000000000278e-02 -1.145699999999999932e+02 -2.094000000000000128e+01 -6.290999999999999659e+01 -1.923799999999999955e+02 -1.885399999999999920e+02 -4.908299999999999841e+02 -1.232099999999999937e+02 -2.125600000000000023e+02
5.765999999999999659e+01 -1.022500000000000000e+02 3.300999999999999801e+01 2.680000000000000160e+00 2.425000000000000000e+01 9.571999999999999886e+01 -8.715000000000000568e+01 2.533799999999999955e+02 2.939000000000000057e+01 -1.388000000000000078e+01
-6.110999999999999943e+01 5.189999999999999858e+01 -2.569999999999999840e+00 7.925000000000000000e+01 -1.676000000000000156e+01 7.331000000000000227e+01 2.344999999999999929e+01 2.981100000000000136e+02 5.739999999999999858e+01 1.088599999999999994e+02
3.067000000000000171e+01 1.909999999999999920e+00 -1.032000000000000028e+01 2.658999999999999986e+01 3.372999999999999687e+01 -2.424300000000000068e+02 5.931000000000000227e+01 -7.698999999999999488e+01 6.375000000000000000e+01 -1.468999999999999950e+01
7.932999999999999829e+01 -2.605999999999999872e+01 1.626800000000000068e+02 -3.261999999999999744e+01 3.580000000000000071e+00 -4.324000000000000199e+01 1.257199999999999989e+02 9.185999999999999943e+01 -7.543000000000000682e+01 -1.784000000000000057e+02
-7.300000000000000000e+01 -9.349999999999999645e+00 -1.714499999999999886e+02 3.189999999999999858e+01 -3.865999999999999659e+01 4.251299999999999955e+02 -1.961399999999999864e+02 -2.333799999999999955e+02 5.814000000000000057e+01 6.096000000000000085e+01
5.021000000000000085e+01 7.617000000000000171e+01 -7.571999999999999886e+01 1.120400000000000063e+02 3.810000000000000142e+01 7.169999999999999929e+00 1.083499999999999943e+02 6.135999999999999943e+01 1.019399999999999977e+02 1.552400000000000091e+02
-7.843000000000000682e+01 -1.392999999999999972e+01 6.429000000000000625e+01 2.792999999999999972e+01 2.607000000000000028e+01 -2.358700000000000045e+02 1.868799999999999955e+02 4.966899999999999977e+02 -4.536999999999999744e+01 -1.216599999999999966e+02
-9.099999999999999645e+00 -2.005000000000000071e+01 -9.423999999999999488e+01 -1.582000000000000028e+01 -9.150000000000000355e+00 2.503499999999999943e+02 -1.503400000000000034e+02 9.931999999999999318e+01 -6.943999999999999773e+01 8.609999999999999432e+00
-7.240000000000000568e+01 -5.590999999999999659e+01 9.278000000000000114e+01 -9.387999999999999545e+01 -4.479999999999999716e+01 -6.068099999999999454e+02 -2.168799999999999955e+02 -5.151900000000000546e+02 -9.679999999999999716e+00 4.979999999999999716e+01
1.947700000000000102e+02 7.465999999999999659e+01 9.039999999999999147e+00 -1.295500000000000114e+02 1.569999999999999929e+01 6.522100000000000364e+02 2.473000000000000043e+01 -1.626999999999999957e+01 2.814999999999999858e+01 -3.192200000000000273e+02
-9.171999999999999886e+01 1.903999999999999915e+01 -1.829600000000000080e+02 -5.650000000000000000e+01 6.859000000000000341e+01 -2.540699999999999932e+02 -9.956000000000000227e+01 1.463000000000000078e+01 -4.352000000000000313e+01 2.036899999999999977e+02
-9.334000000000000341e+01 -5.785000000000000142e+01 8.559999999999999432e+01 6.856999999999999318e+01 -8.384999999999999432e+01 3.056600000000000250e+02 2.486500000000000057e+02 -2.285999999999999943e+01 -7.892000000000000171e+01 5.946000000000000085e+01
1.433300000000000125e+02 4.515999999999999659e+01 -1.240400000000000063e+02 1.092399999999999949e+02 2.990000000000000213e+00 -4.938500000000000227e+02 -1.814099999999999966e+02 1.684399999999999977e+02 1.057800000000000011e+02 -1.183499999999999943e+02
1.491899999999999977e+02 -1.353700000000000045e+02 1.403499999999999943e+02 4.859000000000000341e+01 1.912999999999999901e+01 2.376999999999999886e+02 1.162399999999999949e+02 3.164000000000000057e+01 -5.064000000000000057e+01 4.680299999999999727e+02
3.929999999999999716e+01 1.075100000000000051e+02 1.330300000000000011e+02 -1.873400000000000034e+02 2.680000000000000071e+01 -2.905400000000000205e+02 3.004599999999999795e+02 -7.269999999999999574e+00 -2.957000000000000028e+01 -1.565000000000000000e+02
-2.085500000000000114e+02 8.335999999999999943e+01 -6.498000000000000398e+01 8.076000000000000512e+01 2.146000000000000085e+01 4.296399999999999864e+02 -1.323499999999999943e+02 -4.154100000000000250e+02 2.676000000000000156e+01 -1.337700000000000102e+02
1.119999999999999929e+01 -1.099899999999999949e+02 -3.140000000000000124e+00 -1.045100000000000051e+02 2.751000000000000156e+01 3.745000000000000284e+01 -9.517000000000000171e+01 2.180500000000000114e+02 4.411999999999999744e+01 3.334000000000000341e+01
3.740000000000000213e+00 1.921899999999999977e+02 -1.889999999999999858e+01 1.237199999999999989e+02 1.435999999999999943e+01 -5.143700000000000045e+02 6.784000000000000341e+01 2.111999999999999886e+02 5.420000000000000284e+01 -3.654999999999999716e+01
7.631000000000000227e+01 -1.447100000000000080e+02 -7.334999999999999432e+01 9.365000000000000568e+01 -4.068999999999999773e+01 3.746200000000000045e+02 -6.639999999999999680e+00 -1.453199999999999932e+02 8.281000000000000227e+01 8.442000000000000171e+01
-2.463600000000000136e+02 -1.564000000000000057e+01 5.729999999999999716e+01 -9.309000000000000341e+01 -1.100000000000000000e+01 -3.569800000000000182e+02 2.310800000000000125e+02 4.438100000000000023e+02 -5.060000000000000142e+01 -1.396899999999999977e+02
-4.146999999999999886e+01 -1.007600000000000051e+02 -1.169300000000000068e+02 1.501800000000000068e+02 -6.701999999999999602e+01 2.871700000000000159e+02 4.096999999999999886e+01 -2.212999999999999901e+01 -1.035000000000000000e+02 1.928600000000000136e+02
1.637800000000000011e+02 1.707599999999999909e+02 2.710999999999999943e+01 -1.147699999999999960e+02 4.609000000000000341e+01 -1.837000000000000099e+01 -2.712799999999999727e+02 -3.235699999999999932e+02 1.558700000000000045e+02 -8.818999999999999773e+01
1.103900000000000006e+02 4.550999999999999801e+01 6.067000000000000171e+01 -1.123499999999999943e+02 1.224000000000000021e+01 1.328899999999999864e+02 1.170000000000000000e+02 3.331499999999999773e+02 -2.087800000000000011e+02 1.001400000000000006e+02
1.294999999999999929e+01 -1.817400000000000091e+02 -1.015300000000000011e+02 4.031000000000000227e+01 3.896000000000000085e+01 -3.895400000000000205e+02 -2.321999999999999886e+02 -2.145099999999999909e+02 -8.257999999999999829e+01 3.872999999999999687e+01
-2.602799999999999727e+02 1.254399999999999977e+02 -1.157000000000000028e+02 2.317000000000000171e+01 -3.132000000000000028e+01 3.165400000000000205e+02 1.412700000000000102e+02 -6.531999999999999318e+01 1.650600000000000023e+02 -3.143500000000000227e+02
-1.944999999999999929e+01 -3.917999999999999972e+01 1.227099999999999937e+02 6.612999999999999545e+01 -1.500000000000000000e+00 -1.215400000000000063e+02 -1.153400000000000034e+02 1.739300000000000068e+02 -3.162999999999999901e+01 2.382100000000000080e+02
3.538000000000000256e+01 5.330000000000000071e+00 -5.322999999999999687e+01 -1.020900000000000034e+02 3.277000000000000313e+01 1.276999999999999957e+01 -4.342999999999999972e+01 -2.548000000000000043e+01 9.565999999999999659e+01 -3.632500000000000000e+02
6.310999999999999943e+01 -1.047399999999999949e+02 -1.732000000000000028e+01 -2.189199999999999875e+02 -8.326999999999999602e+01 -2.878299999999999841e+02 2.067700000000000102e+02 -4.425600000000000023e+02 -9.556999999999999318e+01 2.366599999999999966e+02
4.118999999999999773e+01 -5.109000000000000341e+01 -1.589000000000000057e+02 9.459999999999999432e+01 1.091000000000000014e+01 3.812400000000000091e+02 -2.637099999999999795e+02 1.918000000000000114e+02 5.760999999999999943e+01 3.048000000000000043e+01
6.017999999999999972e+01 1.415099999999999909e+02 6.375000000000000000e+01 8.698999999999999488e+01 4.972999999999999687e+01 -2.563799999999999955e+02 4.980000000000000426e+00 4.085000000000000142e+01 -1.115199999999999960e+02 4.960999999999999943e+01
-1.181500000000000057e+02 -4.053000000000000114e+01 -3.110999999999999943e+01 3.536999999999999744e+01 6.929999999999999716e+00 4.182500000000000000e+02 -9.379999999999999716e+01 1.310800000000000125e+02 1.113799999999999955e+02 -3.770000000000000284e+01
1.429099999999999966e+02 1.161200000000000045e+02 5.546000000000000085e+01 1.584399999999999977e+02 2.173000000000000043e+01 -2.002899999999999920e+02 2.671899999999999977e+02 3.229999999999999716e+01 -3.950999999999999801e+01 7.910000000000000142e+00
4.639999999999999858e+01 -6.987000000000000455e+01 -2.401699999999999875e+02 -2.113899999999999864e+02 -2.142000000000000171e+01 -4.298899999999999864e+02 -6.615999999999999659e+01 -3.282699999999999818e+02 3.642999999999999972e+01 8.456999999999999318e+01
-1.831899999999999977e+02 -3.511999999999999744e+01 -7.273000000000000398e+01 2.016000000000000014e+01 6.259999999999999787e+00 2.497899999999999920e+02 -3.557000000000000028e+01 3.279999999999999805e+00 -6.567000000000000171e+01 1.379499999999999886e+02
3.778999999999999915e+01 1.022999999999999972e+02 -2.776999999999999957e+01 -1.226500000000000057e+02 1.031000000000000050e+01 -3.043899999999999864e+02 1.134899999999999949e+02 4.216600000000000250e+02 9.164000000000000057e+01 -2.621000000000000085e+01
-4.054999999999999716e+01 4.578999999999999915e+01 2.185000000000000142e+01 1.158199999999999932e+02 -4.209999999999999964e+00 1.844000000000000057e+02 1.272199999999999989e+02 -4.971999999999999886e+01 -4.664999999999999858e+01 -1.309199999999999875e+02
1.668000000000000114e+02 4.299999999999999933e-01 -5.884000000000000341e+01 4.275999999999999801e+01 4.143999999999999773e+01 3.230500000000000114e+02 -5.652000000000000313e+01 8.643000000000000682e+01 1.123599999999999994e+02 6.834999999999999432e+01
-3.539000000000000057e+01 -2.275000000000000000e+01 -1.020999999999999943e+02 5.834000000000000341e+01 -4.192000000000000171e+01 -2.230500000000000114e+02 -6.045000000000000284e+01 -1.812299999999999898e+02 -5.082999999999999829e+01 6.837999999999999545e+01
-4.227000000000000313e+01 -1.452999999999999936e+01 7.443999999999999773e+01 5.511999999999999744e+01 3.774000000000000199e+01 1.027699999999999960e+02 -5.984000000000000341e+01 3.224000000000000199e+01 -3.381000000000000227e+01 -6.476000000000000512e+01
-4.519999999999999574e+00 -6.132999999999999829e+01 5.689000000000000057e+01 -8.265000000000000568e+01 1.041000000000000014e+01 -1.739999999999999858e+01 1.253400000000000034e+02 1.490000000000000036e+01 -8.204999999999999716e+01 9.940999999999999659e+01
-2.073999999999999844e+01 -2.149999999999999911e+00 -2.006500000000000057e+02 -4.285999999999999943e+01 -2.580999999999999872e+01 -1.726800000000000068e+02 1.937299999999999898e+02 2.273000000000000114e+02 4.175999999999999801e+01 -6.420999999999999375e+01
-6.584000000000000341e+01 -5.849000000000000199e+01 4.090999999999999659e+01 5.732999999999999829e+01 1.520000000000000018e+00 -1.382299999999999898e+02 -2.968399999999999750e+02 -5.296399999999999864e+02 7.381000000000000227e+01 -6.303999999999999915e+01
9.579999999999999716e+01 4.478000000000000114e+01 5.900000000000000000e+01 -5.772999999999999687e+01 -8.039999999999999147e+00 8.190599999999999454e+02 1.597599999999999909e+02 3.299100000000000250e+02 -1.651000000000000156e+01 -3.832000000000000028e+01
4.332000000000000028e+01 2.130000000000000071e+01 -1.201299999999999955e+02 3.247999999999999687e+01 -8.769999999999999574e+00 -4.337200000000000273e+02 -2.240200000000000102e+02 -3.714999999999999858e+01 3.539999999999999858e+01 -1.023299999999999983e+02
1.215999999999999943e+02 9.098999999999999488e+01 1.553400000000000034e+02 8.626999999999999602e+01 7.942000000000000171e+01 9.362000000000000455e+01 -9.389000000000000057e+01 1.732999999999999829e+01 1.448000000000000043e+01 8.509999999999999787e+00
-1.347100000000000080e+02 -8.175000000000000000e+01 -1.348199999999999932e+02 -9.070999999999999375e+01 -2.341000000000000014e+01 -6.593700000000000045e+02 1.291500000000000057e+02 1.100499999999999972e+02 -9.181000000000000227e+01 1.188100000000000023e+02
-4.777000000000000313e+01 1.880999999999999872e+01 -9.045000000000000284e+01 -9.779999999999999361e+00 -1.526999999999999957e+01 8.568999999999999773e+02 -2.310500000000000114e+02 -3.382699999999999818e+02 2.662000000000000099e+01 -6.543999999999999773e+01
-1.141899999999999977e+02 -7.857999999999999829e+01 7.754000000000000625e+01 -2.526000000000000156e+01 -7.423000000000000398e+01 -7.077799999999999727e+02 -5.270000000000000284e+01 -3.918999999999999773e+01 -1.714799999999999898e+02 2.258000000000000114e+02
2.263700000000000045e+02 1.033199999999999932e+02 -1.216700000000000017e+02 -7.298000000000000398e+01 6.175999999999999801e+01 3.962900000000000205e+02 1.526500000000000057e+02 8.114000000000000057e+01 1.548000000000000114e+02 -3.514499999999999886e+02
-6.604000000000000625e+01 -9.125000000000000000e+01 -7.856999999999999318e+01 -1.453999999999999915e+01 2.300000000000000100e-01 -4.090000000000000000e+02 -4.424000000000000199e+01 1.209999999999999964e+00 -2.495900000000000034e+02 1.222500000000000000e+02
-1.546000000000000085e+01 7.520000000000000284e+01 -2.571000000000000085e+01 -9.820000000000000284e+01 -8.599999999999999867e-01 3.920299999999999727e+02 8.890000000000000568e+00 4.307000000000000028e+01 2.085600000000000023e+02 -5.361999999999999744e+01
-1.573600000000000136e+02 6.203999999999999915e+01 -6.384000000000000341e+01 6.901000000000000512e+01 2.970000000000000195e+00 -2.058700000000000045e+02 8.851000000000000512e+01 3.834000000000000341e+01 -1.252399999999999949e+02 1.387800000000000011e+02
1.672100000000000080e+02 -1.418799999999999955e+02 1.575800000000000125e+02 1.603499999999999943e+02 -2.203000000000000114e+01 2.671700000000000159e+02 1.311399999999999864e+02 -3.381700000000000159e+02 1.399699999999999989e+02 -1.272000000000000064e+01
-9.449999999999999289e+00 5.220000000000000284e+01 5.428000000000000114e+01 2.478000000000000114e+01 3.033999999999999986e+01 1.558300000000000125e+02 4.615999999999999659e+01 2.759599999999999795e+02 -9.410000000000000142e+00 -8.468000000000000682e+01
-9.131999999999999318e+01 1.326800000000000068e+02 7.351000000000000512e+01 -1.077900000000000063e+02 -1.026999999999999957e+01 -5.394400000000000546e+02 1.076700000000000017e+02 -2.737999999999999901e+01 8.820000000000000284e+00 8.234000000000000341e+01
1.730999999999999872e+01 -1.719900000000000091e+02 2.066000000000000014e+01 -1.321000000000000085e+01 1.067999999999999972e+01 2.646800000000000068e+02 -3.515000000000000000e+02 8.678000000000000114e+01 -2.910000000000000142e+01 -4.871999999999999886e+01
-7.929999999999999716e+00 1.228700000000000045e+02 8.971999999999999886e+01 4.382999999999999829e+01 -5.400000000000000355e-01 -4.931000000000000227e+01 1.663400000000000034e+02 1.161700000000000017e+02 2.003999999999999915e+01 -7.035999999999999943e+01
1.131800000000000068e+02 -9.937000000000000455e+01 1.026800000000000068e+02 1.300200000000000102e+02 -6.280000000000000249e+00 1.285699999999999932e+02 -2.501000000000000156e+01 -1.302700000000000102e+02 1.037699999999999960e+02 -6.779000000000000625e+01
-4.242999999999999972e+01 1.111700000000000017e+02 1.086999999999999922e+01 2.689999999999999858e+01 4.171000000000000085e+01 1.309699999999999989e+02 -8.796999999999999886e+01 2.449900000000000091e+02 4.610000000000000142e+01 2.271899999999999977e+02
8.628000000000000114e+01 1.590000000000000080e+00 4.099000000000000199e+01 -1.660099999999999909e+02 2.589999999999999858e+00 9.543999999999999773e+01 -7.979000000000000625e+01 -3.529300000000000068e+02 -1.088299999999999983e+02 -5.978000000000000114e+01
-1.485000000000000000e+02 -5.064000000000000057e+01 7.481999999999999318e+01 -3.178000000000000114e+01 -6.990000000000000213e+00 -4.869300000000000068e+02 8.885999999999999943e+01 2.008400000000000034e+02 9.599999999999999645e-01 -2.767799999999999727e+02
-7.873999999999999488e+01 4.732999999999999829e+01 9.621999999999999886e+01 -4.077000000000000313e+01 -3.500999999999999801e+01 1.543499999999999943e+02 -7.551000000000000512e+01 -9.418000000000000682e+01 -1.440000000000000036e+01 2.379699999999999989e+02
8.490000000000000568e+01 -1.560999999999999943e+01 4.740000000000000213e+00 -5.184000000000000341e+01 -1.286999999999999922e+01 5.641399999999999864e+02 1.018700000000000045e+02 -2.448999999999999844e+01 8.340000000000000568e+01 1.258000000000000007e+01
7.132999999999999829e+01 8.500000000000000000e+00 3.243700000000000045e+02 1.558499999999999943e+02 1.071000000000000085e+01 -5.322599999999999909e+02 1.192999999999999972e+02 1.278499999999999943e+02 -6.919999999999999929e+00 1.319000000000000057e+02
-1.696699999999999875e+02 -1.373700000000000045e+02 -1.820800000000000125e+02 -1.656899999999999977e+02 -1.803000000000000114e+01 5.152999999999999545e+02 -1.413300000000000125e+02 -2.168899999999999864e+02 -1.384199999999999875e+02 -1.913100000000000023e+02
1.818400000000000034e+02 5.000000000000000278e-02 7.779000000000000625e+01 -2.714000000000000057e+01 1.994999999999999929e+01 -4.399300000000000068e+02 7.751999999999999602e+01 -6.379999999999999893e+00 9.068000000000000682e+01 2.245300000000000011e+02
-9.776000000000000512e+01 6.339000000000000057e+01 -1.544999999999999929e+01 9.143000000000000682e+01 -1.159999999999999920e+00 4.550999999999999801e+01 -5.227000000000000313e+01 5.495000000000000284e+01 4.196999999999999886e+01 -3.872099999999999795e+02
-6.726000000000000512e+01 -1.914000000000000057e+01 8.476000000000000512e+01 -2.773999999999999844e+01 2.126000000000000156e+01 -8.593000000000000682e+01 4.204999999999999716e+01 -4.131000000000000227e+01 -1.623700000000000045e+02 3.014599999999999795e+02
-5.189999999999999858e+01 7.267000000000000171e+01 2.898000000000000043e+01 -2.421000000000000085e+01 -1.550000000000000044e+00 2.042999999999999972e+01 -4.732999999999999829e+01 -9.334000000000000341e+01 -1.830999999999999872e+01 2.978000000000000114e+01
1.299600000000000080e+02 -6.304999999999999716e+01 5.907000000000000028e+01 -7.154000000000000625e+01 -4.660999999999999943e+01 -2.108600000000000136e+02 -8.573000000000000398e+01 1.482100000000000080e+02 1.552199999999999989e+02 -7.070000000000000284e+01
3.379999999999999716e+01 5.039000000000000057e+01 2.226000000000000156e+01 1.259800000000000040e+02 -3.914999999999999858e+01 3.708999999999999773e+02 2.151599999999999966e+02 1.312100000000000080e+02 3.229999999999999716e+01 6.285999999999999943e+01
4.159000000000000341e+01 -2.323000000000000043e+01 3.481000000000000227e+01 1.823000000000000043e+01 7.231000000000000227e+01 -5.652400000000000091e+02 3.101999999999999957e+01 1.317599999999999909e+02 6.509999999999999787e+00 6.230000000000000426e+00
-4.886999999999999744e+01 5.021999999999999886e+01 -2.294000000000000128e+01 -8.909000000000000341e+01 1.951999999999999957e+01 6.439900000000000091e+02 -3.244800000000000182e+02 -3.103000000000000114e+01 -1.455699999999999932e+02 -1.632100000000000080e+02
-2.026599999999999966e+02 -5.302000000000000313e+01 -5.592000000000000171e+01 -4.303999999999999915e+01 2.048999999999999844e+01 -2.363799999999999955e+02 -8.859999999999999432e+00 -3.009499999999999886e+02 -4.371000000000000085e+01 3.126000000000000156e+01
1.221800000000000068e+02 3.628999999999999915e+01 -1.616000000000000014e+01 -5.764000000000000057e+01 -3.465999999999999659e+01 -5.882000000000000028e+01 3.003000000000000114e+01 1.424300000000000068e+02 6.668000000000000682e+01 1.717199999999999989e+02
1.173000000000000043e+01 -7.870000000000000107e+00 5.879999999999999716e+01 3.525999999999999801e+01 -3.339000000000000057e+01 -1.441500000000000057e+02 -5.810000000000000142e+01 5.388000000000000256e+01 -8.826999999999999602e+01 -1.309199999999999875e+02
2.562999999999999901e+01 1.097000000000000064e+01 1.559999999999999964e+01 -5.742999999999999972e+01 5.270000000000000284e+01 5.574900000000000091e+02 1.884600000000000080e+02 -1.247000000000000064e+01 1.328199999999999932e+02 2.174499999999999886e+02
1.308300000000000125e+02 8.962999999999999545e+01 1.383300000000000125e+02 1.557100000000000080e+02 -1.098000000000000043e+01 -3.610600000000000023e+02 -2.303000000000000114e+02 2.487500000000000000e+02 2.828000000000000114e+01 -3.100299999999999727e+02
-1.942999999999999972e+01 -6.884000000000000341e+01 -5.870000000000000284e+01 1.479099999999999966e+02 1.253999999999999915e+01 5.155399999999999636e+02 1.508400000000000034e+02 -1.091099999999999994e+02 -2.610999999999999943e+01 1.327899999999999920e+02
-1.816899999999999977e+02 8.054999999999999716e+01 7.730000000000000426e+00 -2.004799999999999898e+02 1.521000000000000085e+01 -8.192100000000000364e+02 4.354999999999999716e+01 -4.102799999999999727e+02 -4.111999999999999744e+01 9.781000000000000227e+01
1.139200000000000017e+02 -9.229000000000000625e+01 -1.116200000000000045e+02 2.762000000000000099e+01 -8.995000000000000284e+01 1.050400000000000063e+02 -2.206299999999999955e+02 2.485500000000000114e+02 8.576999999999999602e+01 -1.018999999999999950e+01
3.300000000000000155e-01 3.729999999999999716e+01 1.006899999999999977e+02 -3.235000000000000142e+01 8.120000000000000284e+01 4.333600000000000136e+02 1.937400000000000091e+02 -3.162000000000000099e+01 -1.070600000000000023e+02 -1.158900000000000006e+02
-6.923000000000000398e+01 -7.443999999999999773e+01 2.680000000000000160e+00 -5.121000000000000085e+01 -1.723000000000000043e+01 -3.509499999999999886e+02 -2.886600000000000250e+02 -7.454000000000000625e+01 8.718999999999999773e+01 3.019300000000000068e+02
4.363000000000000256e+01 1.327100000000000080e+02 7.181000000000000227e+01 3.254999999999999716e+01 2.910999999999999943e+01 1.718000000000000114e+02 3.846600000000000250e+02 5.203200000000000500e+02 -3.964000000000000057e+01 -2.911100000000000136e+02
4.000000000000000222e-01 -3.582000000000000028e+01 9.779999999999999361e+00 3.685000000000000142e+01 -4.080000000000000071e+00 1.121000000000000085e+01 -1.193599999999999994e+02 -3.254399999999999977e+02 -5.321000000000000085e+01 -7.656999999999999318e+01
2.344699999999999989e+02 -1.917999999999999972e+01 -1.406299999999999955e+02 -1.318700000000000045e+02 -1.151999999999999957e+01 -9.425000000000000000e+01 1.540000000000000000e+02 -2.983999999999999986e+01 -2.703999999999999915e+01 -8.089999999999999858e+00
-1.775600000000000023e+02 -9.317000000000000171e+01 5.860000000000000142e+01 5.203999999999999915e+01 -1.333000000000000007e+01 -2.803000000000000114e+02 -1.385999999999999943e+01 1.763700000000000045e+02 -3.270000000000000018e+00 3.569999999999999840e+00
-2.694999999999999929e+01 5.103000000000000114e+01 -5.232000000000000028e+01 -6.042999999999999972e+01 2.653000000000000114e+01 4.264800000000000182e+02 -2.376699999999999875e+02 -3.405400000000000205e+02 5.336999999999999744e+01 2.982900000000000205e+02
6.998999999999999488e+01 -7.604999999999999716e+01 4.357000000000000028e+01 4.843999999999999773e+01 1.882999999999999829e+01 -1.142600000000000051e+02 2.386100000000000136e+02 2.023799999999999955e+02 -8.123999999999999488e+01 -1.535600000000000023e+02
-1.338700000000000045e+02 2.464000000000000057e+01 -6.392999999999999972e+01 4.749000000000000199e+01 -5.825000000000000000e+01 -1.911299999999999955e+02 -8.110999999999999943e+01 3.064800000000000182e+02 9.551000000000000512e+01 -9.080000000000000071e+00
3.232000000000000028e+01 2.119999999999999929e+01 4.984000000000000341e+01 -1.235999999999999943e+01 -3.399999999999999911e+00 1.542199999999999989e+02 -1.189300000000000068e+02 -2.353899999999999864e+02 -2.466000000000000014e+01 -1.755999999999999943e+02
6.252000000000000313e+01 1.842000000000000171e+01 3.754999999999999716e+01 -4.182000000000000028e+01 5.345000000000000284e+01 1.363300000000000125e+02 7.730000000000000426e+00 3.044800000000000182e+02 -7.418999999999999773e+01 8.879000000000000625e+01
-1.195199999999999960e+02 4.459000000000000341e+01 -3.610999999999999943e+01 2.385999999999999943e+01 4.013000000000000256e+01 -1.270999999999999943e+02 1.027099999999999937e+02 -4.347300000000000182e+02 1.496200000000000045e+02 1.775600000000000023e+02
9.660000000000000142e+00 2.217000000000000171e+01 -2.260000000000000142e+01 6.470000000000000284e+01 1.000000000000000021e-02 7.790000000000000568e+01 -1.102500000000000000e+02 -1.436999999999999922e+01 -8.309999999999999432e+01 1.144599999999999937e+02
-6.068999999999999773e+01 -2.378999999999999915e+01 7.670000000000000284e+01 -9.557999999999999829e+01 -2.905000000000000071e+01 -6.471399999999999864e+02 -2.227500000000000000e+02 4.363500000000000227e+02 -2.728999999999999915e+01 -2.730999999999999872e+01
2.438000000000000114e+02 -4.646000000000000085e+01 -2.594000000000000128e+01 9.834000000000000341e+01 -3.738000000000000256e+01 9.181200000000000045e+02 5.289000000000000057e+01 -9.467000000000000171e+01 2.526999999999999886e+02 -4.528199999999999932e+02
-3.697999999999999687e+01 4.754999999999999716e+01 5.414999999999999858e+01 -3.479999999999999716e+01 3.264999999999999858e+01 -8.407999999999999545e+02 2.727699999999999818e+02 8.150000000000000355e+00 -1.736800000000000068e+02 -1.399000000000000021e+01
-1.134200000000000017e+02 -4.682000000000000028e+01 -5.379999999999999716e+01 -1.517800000000000011e+02 2.575000000000000000e+01 9.073300000000000409e+02 -6.049000000000000199e+01 -2.581100000000000136e+02 -1.999300000000000068e+02 2.158199999999999932e+02
-4.784000000000000341e+01 1.102999999999999936e+01 -1.425000000000000000e+01 1.901000000000000156e+01 -5.086999999999999744e+01 -6.987100000000000364e+02 -1.200199999999999960e+02 -2.535999999999999943e+01 3.163700000000000045e+02 2.726200000000000045e+02
7.264000000000000057e+01 4.471000000000000085e+01 1.043999999999999950e+01 1.468400000000000034e+02 3.257000000000000028e+01 4.326899999999999977e+02 2.048799999999999955e+02 -6.829999999999999716e+01 -5.202000000000000313e+01 -1.918499999999999943e+02
1.197900000000000063e+02 -1.166000000000000014e+01 8.459999999999999432e+01 -4.807999999999999829e+01 3.144000000000000128e+01 -2.206200000000000045e+02 -1.371899999999999977e+02 2.269000000000000128e+01 -6.468000000000000682e+01 2.215099999999999909e+02
-2.809399999999999977e+02 -4.622999999999999687e+01 -2.249300000000000068e+02 -1.581899999999999977e+02 -9.119999999999999218e+00 -1.039300000000000068e+02 1.892199999999999989e+02 2.137999999999999901e+01 -1.083199999999999932e+02 -2.343799999999999955e+02
6.450000000000000000e+01 -4.529999999999999716e+01 -4.938000000000000256e+01 -7.975000000000000000e+01 -4.921000000000000085e+01 -1.523899999999999864e+02 -2.380600000000000023e+02 -1.543100000000000023e+02 1.204300000000000068e+02 3.540999999999999659e+01
2.110800000000000125e+02 4.290999999999999659e+01 -2.514999999999999858e+01 5.020000000000000284e+01 3.319999999999999840e+00 4.941399999999999864e+02 9.170000000000000284e+01 2.124099999999999966e+02 -1.009099999999999966e+02 2.810000000000000053e+00
2.255999999999999872e+01 5.709000000000000341e+01 8.901000000000000512e+01 1.223199999999999932e+02 5.672999999999999687e+01 -3.456999999999999886e+02 -1.207000000000000028e+02 -5.943999999999999773e+01 1.200300000000000011e+02 -1.665500000000000114e+02
4.320000000000000284e+00 8.334000000000000341e+01 -1.508199999999999932e+02 1.229200000000000017e+02 -3.064000000000000057e+01 2.964999999999999858e+01 -2.719399999999999977e+02 2.321100000000000136e+02 -1.143599999999999994e+02 2.911299999999999955e+02
-1.345999999999999943e+02 -2.000999999999999943e+02 -1.572899999999999920e+02 -1.876100000000000136e+02 -2.819999999999999840e+00 9.270000000000000284e+01 1.313199999999999932e+02 -3.535999999999999943e+01 5.614000000000000057e+01 1.319300000000000068e+02
-1.604900000000000091e+02 5.046000000000000085e+01 -1.194200000000000017e+02 -1.339199999999999875e+02 3.750000000000000000e+00 -4.086700000000000159e+02 1.573400000000000034e+02 -6.548000000000000398e+01 -8.437000000000000455e+01 -1.784699999999999989e+02
9.209000000000000341e+01 1.716200000000000045e+02 -4.477000000000000313e+01 1.597899999999999920e+02 2.657000000000000028e+01 2.656499999999999773e+02 -5.152000000000000313e+01 5.632999999999999829e+01 1.064899999999999949e+02 -1.098700000000000045e+02
2.123999999999999844e+01 -1.525099999999999909e+02 -6.096999999999999886e+01 1.983999999999999986e+01 -1.983999999999999986e+01 2.800000000000000000e+01 1.562100000000000080e+02 1.850399999999999920e+02 1.692000000000000171e+01 1.039000000000000057e+01
5.479999999999999716e+01 -5.275000000000000000e+01 3.067999999999999972e+01 1.770000000000000018e+00 -3.167000000000000171e+01 8.817000000000000171e+01 -3.115600000000000023e+02 -1.136800000000000068e+02 -9.571999999999999886e+01 -5.406000000000000227e+01
-5.628000000000000114e+01 5.185000000000000142e+01 -1.776699999999999875e+02 3.897999999999999687e+01 5.185000000000000142e+01 -1.906100000000000136e+02 6.215999999999999659e+01 9.639000000000000057e+01 1.376500000000000057e+02 2.405000000000000000e+02
1.000000000000000000e+00 1.281699999999999875e+02 -1.673000000000000043e+01 -2.630000000000000071e+01 -2.828999999999999915e+01 9.975000000000000000e+01 2.066500000000000057e+02 -1.314900000000000091e+02 -1.229899999999999949e+02 2.205900000000000034e+02
3.399999999999999911e+00 3.584000000000000341e+01 -1.111099999999999994e+02 -7.995999999999999375e+01 3.622999999999999687e+01 4.074000000000000199e+01 8.381000000000000227e+01 -7.245999999999999375e+01 2.655999999999999872e+01 -2.572900000000000205e+02
7.109000000000000341e+01 -2.928999999999999915e+01 -5.052000000000000313e+01 2.653000000000000114e+01 2.044000000000000128e+01 2.622500000000000000e+02 4.075999999999999801e+01 1.731399999999999864e+02 4.849999999999999645e+00 2.910000000000000142e+00
-1.378899999999999864e+02 -1.738899999999999864e+02 -1.336399999999999864e+02 -4.114000000000000057e+01 -1.103999999999999915e+01 -2.769599999999999795e+02 -1.802599999999999909e+02 -2.213400000000000034e+02 9.740000000000000213e+00 1.050199999999999960e+02
1.670500000000000114e+02 5.361999999999999744e+01 1.263599999999999994e+02 7.348000000000000398e+01 3.240000000000000213e+00 3.132000000000000028e+01 -2.097100000000000080e+02 1.271500000000000057e+02 2.155999999999999872e+01 3.854999999999999716e+01
-7.690000000000000391e+00 5.236999999999999744e+01 -1.576899999999999977e+02 5.297999999999999687e+01 -1.967999999999999972e+01 -2.393400000000000034e+02 1.546500000000000057e+02 -4.539000000000000057e+01 1.483999999999999986e+01 -7.323000000000000398e+01
-5.459000000000000341e+01 -2.276999999999999957e+01 -1.171099999999999994e+02 -7.765999999999999659e+01 1.544999999999999929e+01 1.962899999999999920e+02 2.283499999999999943e+02 2.798700000000000045e+02 -2.662000000000000099e+01 5.842000000000000171e+01
1.342199999999999989e+02 -2.290000000000000036e+00 -1.132099999999999937e+02 -6.765999999999999659e+01 4.620000000000000107e+00 1.346299999999999955e+02 -4.985099999999999909e+02 -4.564900000000000091e+02 -7.787999999999999545e+01 -2.666800000000000068e+02
-1.117300000000000040e+02 -5.110000000000000142e+01 -5.852000000000000313e+01 -6.651000000000000512e+01 -2.296000000000000085e+01 -2.476500000000000057e+02 -5.300000000000000000e+01 1.659499999999999886e+02 4.022999999999999687e+01 1.803700000000000045e+02
-5.053000000000000114e+01 1.184999999999999964e+01 -7.310999999999999943e+01 9.168999999999999773e+01 2.048999999999999844e+01 2.319600000000000080e+02 3.187300000000000182e+02 2.442700000000000102e+02 -2.192999999999999972e+01 6.157000000000000028e+01
7.759999999999999787e+00 -2.290000000000000036e+00 1.391399999999999864e+02 -4.950000000000000178e+00 1.532000000000000028e+01 6.050000000000000000e+01 -1.038799999999999955e+02 -7.407999999999999829e+01 2.358999999999999986e+01 -7.390000000000000568e+01
-6.038000000000000256e+01 -1.551999999999999957e+01 -1.157000000000000028e+02 -1.878400000000000034e+02 -1.290000000000000036e+00 -4.435600000000000023e+02 -5.800000000000000000e+01 -8.787999999999999545e+01 -1.211299999999999955e+02 -9.320000000000000284e+00
-1.121000000000000085e+01 3.450999999999999801e+01 -7.987999999999999545e+01 8.742000000000000171e+01 -1.127999999999999936e+01 3.828000000000000114e+02 2.560000000000000142e+01 -2.823199999999999932e+02 1.199800000000000040e+02 1.364499999999999886e+02
1.568199999999999932e+02 -3.357000000000000028e+01 5.778999999999999915e+01 3.130000000000000071e+01 2.067000000000000171e+01 2.029699999999999989e+02 8.725000000000000000e+01 3.560199999999999818e+02 -6.565999999999999659e+01 -2.971600000000000250e+02
-1.724600000000000080e+02 4.004999999999999716e+01 2.775000000000000000e+01 -5.020000000000000284e+01 -2.014000000000000057e+01 -4.038600000000000136e+02 8.343999999999999773e+01 -3.060999999999999943e+01 4.359000000000000341e+01 2.891000000000000227e+02
1.000999999999999943e+02 1.231000000000000050e+01 8.073000000000000398e+01 1.078400000000000034e+02 8.019999999999999574e+00 4.227400000000000091e+02 2.832400000000000091e+02 8.931999999999999318e+01 -1.475000000000000000e+01 4.934000000000000341e+01
-7.704999999999999716e+01 7.501000000000000512e+01 1.180199999999999960e+02 -2.169999999999999929e+01 -1.010000000000000009e+00 -5.929299999999999500e+02 -1.703100000000000023e+02 3.115500000000000114e+02 -5.040000000000000036e+00 -1.755500000000000114e+02
1.140799999999999983e+02 -1.719000000000000128e+01 1.200799999999999983e+02 -6.038000000000000256e+01 2.953999999999999915e+01 4.276100000000000136e+02 -2.176100000000000136e+02 -2.722599999999999909e+02 1.613000000000000114e+02 -5.070000000000000284e+01
1.439000000000000057e+01 -3.996000000000000085e+01 2.232000000000000028e+01 1.991299999999999955e+02 -2.248999999999999844e+01 -2.195300000000000011e+02 1.638499999999999943e+02 -6.781999999999999318e+01 -3.001999999999999957e+01 3.400000000000000000e+01
-1.116000000000000014e+01 7.101999999999999602e+01 1.116999999999999993e+01 -1.193599999999999994e+02 9.890000000000000568e+00 6.271999999999999886e+01 -5.075000000000000000e+01 3.414700000000000273e+02 -8.353000000000000114e+01 8.596999999999999886e+01
-2.369000000000000128e+01 -1.303499999999999943e+02 1.284199999999999875e+02 -1.353799999999999955e+02 2.814000000000000057e+01 -1.655399999999999920e+02 3.915999999999999659e+01 -9.545999999999999375e+01 -6.232999999999999829e+01 -5.139999999999999680e+00
-6.773999999999999488e+01 6.609000000000000341e+01 -1.196800000000000068e+02 7.360999999999999943e+01 -4.135000000000000142e+01 1.463199999999999932e+02 6.860000000000000320e+00 -1.465500000000000114e+02 1.069399999999999977e+02 -1.893300000000000125e+02
-2.312000000000000099e+01 -1.980999999999999872e+01 -1.488000000000000078e+01 -1.185300000000000011e+02 -2.423999999999999844e+01 2.752099999999999795e+02 -2.457199999999999989e+02 4.070000000000000284e+00 -1.690900000000000034e+02 2.198700000000000045e+02
2.462999999999999901e+01 -3.317999999999999972e+01 1.650000000000000000e+01 1.307599999999999909e+02 3.167000000000000171e+01 -2.474499999999999886e+02 3.607999999999999829e+01 -3.428899999999999864e+02 1.666599999999999966e+02 -4.012200000000000273e+02
-2.671999999999999886e+01 4.989999999999999858e+01 -7.215000000000000568e+01 -3.639999999999999858e+01 -1.499000000000000021e+01 2.562500000000000000e+02 1.711699999999999875e+02 2.571600000000000250e+02 -6.729999999999999716e+01 -5.038000000000000256e+01
6.259999999999999787e+00 5.204999999999999716e+01 1.514000000000000057e+02 -8.419999999999999929e+00 2.000000000000000000e+00 -6.409800000000000182e+02 -3.985000000000000142e+01 1.150000000000000000e+02 2.779999999999999805e+00 5.109900000000000091e+02
1.294199999999999875e+02 -1.098799999999999955e+02 -8.842000000000000171e+01 -1.460999999999999943e+02 1.625000000000000000e+01 6.620900000000000318e+02 5.047999999999999687e+01 4.769999999999999574e+00 5.935999999999999943e+01 -3.247300000000000182e+02
-6.135000000000000142e+01 5.725999999999999801e+01 5.071000000000000085e+01 -1.969999999999999973e+00 -1.930999999999999872e+01 -2.544199999999999875e+02 2.118000000000000114e+02 -8.240000000000000213e+00 -8.000000000000000000e+01 1.689900000000000091e+02
-2.539000000000000057e+01 -2.855000000000000071e+01 -1.800399999999999920e+02 7.307999999999999829e+01 1.440000000000000036e+01 1.928999999999999915e+01 -1.738499999999999943e+02 -1.459600000000000080e+02 6.800000000000000488e-01 4.842999999999999972e+01
4.749000000000000199e+01 3.083999999999999986e+01 -3.871999999999999886e+01 -4.431000000000000227e+01 -3.010999999999999943e+01 -3.533700000000000045e+02 -1.447299999999999898e+02 1.463700000000000045e+02 -7.200000000000000178e+00 -1.858799999999999955e+02
-5.317000000000000171e+01 -4.931000000000000227e+01 5.478000000000000114e+01 8.564000000000000057e+01 -2.858999999999999986e+01 3.410600000000000023e+02 -3.881000000000000227e+01 9.576999999999999602e+01 1.165799999999999983e+02 -4.768999999999999773e+01
1.833199999999999932e+02 5.331000000000000227e+01 -1.080300000000000011e+02 6.257999999999999829e+01 5.577000000000000313e+01 -6.230000000000000426e+00 -7.709999999999999964e+00 1.198199999999999932e+02 6.668999999999999773e+01 2.469600000000000080e+02
-1.905000000000000071e+01 3.500000000000000000e+00 1.637299999999999898e+02 -1.698999999999999844e+01 -4.370000000000000107e+00 9.834000000000000341e+01 2.402299999999999898e+02 1.325099999999999909e+02 -5.659000000000000341e+01 1.685399999999999920e+02
-1.329099999999999966e+02 -1.807000000000000028e+01 -1.789600000000000080e+02 -4.070000000000000284e+00 -3.890000000000000124e+00 -2.459900000000000091e+02 -1.879999999999999893e+00 -4.711800000000000068e+02 -5.559000000000000341e+01 -5.153000000000000114e+01
-1.257800000000000011e+02 2.523999999999999844e+01 -2.287999999999999901e+01 -1.047399999999999949e+02 3.586999999999999744e+01 1.546999999999999886e+02 -1.699900000000000091e+02 5.878700000000000045e+02 -4.629999999999999716e+01 -6.382999999999999829e+01
4.772999999999999687e+01 6.164999999999999858e+01 -1.081700000000000017e+02 -1.164399999999999977e+02 -4.725000000000000000e+01 8.189000000000000057e+01 -5.899000000000000199e+01 -3.507400000000000091e+02 8.101999999999999602e+01 -1.620000000000000000e+02
1.028299999999999983e+02 5.742000000000000171e+01 5.878999999999999915e+01 1.434699999999999989e+02 2.260999999999999943e+01 -2.132500000000000000e+02 2.473100000000000023e+02 -6.609999999999999432e+01 -1.958999999999999986e+01 7.210999999999999943e+01
7.000000000000000666e-02 -1.325900000000000034e+02 -1.909999999999999920e+00 -2.464999999999999858e+01 -5.200000000000000178e-01 2.977599999999999909e+02 -1.769600000000000080e+02 1.460699999999999932e+02 -5.104999999999999716e+01 1.223199999999999932e+02
4.036999999999999744e+01 1.181599999999999966e+02 -8.260999999999999943e+01 -1.060999999999999943e+01 -1.213000000000000078e+01 -1.263400000000000034e+02 9.892000000000000171e+01 -2.775299999999999727e+02 -5.703999999999999915e+01 -8.243999999999999773e+01
-1.794300000000000068e+02 -9.960999999999999943e+01 -5.320000000000000284e+01 -8.198999999999999488e+01 7.559999999999999609e+00 -2.123899999999999864e+02 -1.301699999999999875e+02 -1.221500000000000057e+02 -2.285999999999999943e+01 -4.996000000000000085e+01
9.540000000000000568e+01 5.389000000000000057e+01 6.540000000000000036e+00 -1.511999999999999922e+01 8.689999999999999503e+00 1.182199999999999989e+02 -1.599799999999999898e+02 1.220600000000000023e+02 -2.960999999999999943e+01 1.064699999999999989e+02
-1.760000000000000142e+01 1.277000000000000028e+02 2.498000000000000043e+01 3.429999999999999716e+01 7.459999999999999964e+00 7.398000000000000398e+01 2.596999999999999886e+02 1.823799999999999955e+02 1.116500000000000057e+02 4.571999999999999886e+01
1.162900000000000063e+02 -9.904000000000000625e+01 4.886999999999999744e+01 7.690000000000000391e+00 -1.773000000000000043e+01 -8.656000000000000227e+01 -2.104600000000000080e+02 -1.169399999999999977e+02 -1.002999999999999936e+01 -1.079699999999999989e+02
-1.321000000000000085e+01 -7.137999999999999545e+01 2.444000000000000128e+01 1.385999999999999943e+01 -1.944000000000000128e+01 -1.233199999999999932e+02 -1.585099999999999909e+02 -1.193999999999999950e+01 9.759999999999999432e+01 -3.621999999999999886e+01
-1.030199999999999960e+02 -2.003999999999999915e+01 -2.496000000000000085e+01 6.345000000000000284e+01 2.887999999999999901e+01 2.060800000000000125e+02 2.407100000000000080e+02 -1.356399999999999864e+02 -4.303000000000000114e+01 -4.325000000000000000e+01
-8.559000000000000341e+01 -8.580000000000000071e+00 1.803499999999999943e+02 -7.084999999999999432e+01 -2.989000000000000057e+01 -2.327400000000000091e+02 -2.319900000000000091e+02 3.831999999999999886e+02 -4.282999999999999829e+01 -2.637999999999999901e+01
1.268499999999999943e+02 3.724000000000000199e+01 -1.235000000000000000e+02 -8.630000000000000782e+00 3.995000000000000284e+01 1.497500000000000000e+02 1.890699999999999932e+02 -2.116800000000000068e+02 4.070000000000000284e+01 -2.780999999999999872e+01
-4.070000000000000284e+00 6.360000000000000320e+00 1.311899999999999977e+02 1.341999999999999993e+01 2.941000000000000014e+01 7.890999999999999659e+01 8.571999999999999886e+01 1.440600000000000023e+02 -5.154999999999999716e+01 3.123000000000000114e+02
1.057800000000000011e+02 4.552000000000000313e+01 1.350099999999999909e+02 -6.909000000000000341e+01 -5.846999999999999886e+01 -9.232999999999999829e+01 -5.781000000000000227e+01 -1.094699999999999989e+02 1.593999999999999950e+01 -2.196000000000000085e+01
-1.685300000000000011e+02 -1.195900000000000034e+02 -9.539999999999999147e+00 1.614000000000000057e+01 -9.970000000000000639e+00 1.592400000000000091e+02 1.507299999999999898e+02 -1.207399999999999949e+02 -5.959000000000000341e+01 1.500999999999999979e+01
-5.746000000000000085e+01 1.914999999999999858e+01 1.591500000000000057e+02 -3.422999999999999687e+01 7.889999999999999680e+00 -2.235200000000000102e+02 -1.024500000000000028e+02 -7.679999999999999716e+01 -6.790000000000000568e+01 -4.078999999999999915e+01
-9.123999999999999488e+01 3.432000000000000028e+01 1.358499999999999943e+02 -1.535999999999999943e+01 -1.875000000000000000e+01 4.029700000000000273e+02 5.553999999999999915e+01 1.358700000000000045e+02 1.492299999999999898e+02 -1.519799999999999898e+02
3.358000000000000114e+02 5.288000000000000256e+01 1.446100000000000136e+02 6.221000000000000085e+01 5.027000000000000313e+01 -7.285099999999999909e+02 9.096999999999999886e+01 -1.069200000000000017e+02 -3.144000000000000128e+01 1.880099999999999909e+02
-6.275999999999999801e+01 -6.017999999999999972e+01 2.038000000000000114e+02 -6.462999999999999545e+01 -1.169999999999999929e+00 6.327799999999999727e+02 -1.572199999999999989e+02 2.495699999999999932e+02 -1.880000000000000071e+01 -4.982999999999999829e+01
-1.889999999999999858e+01 -5.527000000000000313e+01 9.325000000000000000e+01 -1.255000000000000071e+01 1.346000000000000085e+01 -4.533600000000000136e+02 -3.075000000000000000e+01 -2.677400000000000091e+02 -3.239000000000000057e+01 8.420999999999999375e+01
-4.325999999999999801e+01 4.503000000000000114e+01 1.316200000000000045e+02 6.551999999999999602e+01 1.319999999999999929e+01 6.115199999999999818e+02 -1.719000000000000057e+02 2.431800000000000068e+02 1.110300000000000011e+02 6.102000000000000313e+01
9.520999999999999375e+01 3.874000000000000199e+01 1.521500000000000057e+02 2.648999999999999844e+01 -1.075000000000000000e+01 -2.459600000000000080e+02 1.326299999999999955e+02 -2.404900000000000091e+02 -4.685000000000000142e+01 -1.270300000000000011e+02
3.445000000000000284e+01 -4.393999999999999773e+01 -1.584999999999999964e+01 -6.990999999999999659e+01 -1.828999999999999915e+01 -6.668000000000000682e+01 -2.237400000000000091e+02 -2.510000000000000142e+01 -1.041299999999999955e+02 -4.555799999999999841e+02
-7.635999999999999943e+01 7.829999999999999716e+01 9.084999999999999432e+01 -1.830999999999999872e+01 4.128000000000000114e+01 -1.523199999999999932e+02 -1.800999999999999943e+02 3.000000000000000000e+02 1.200499999999999972e+02 1.936100000000000136e+02
-1.577999999999999936e+01 -5.697999999999999687e+01 9.721999999999999886e+01 3.527000000000000313e+01 -4.572999999999999687e+01 2.741600000000000250e+02 1.322100000000000080e+02 -2.802900000000000205e+02 -1.837000000000000099e+01 2.350999999999999943e+02
-6.881999999999999318e+01 -6.092999999999999972e+01 1.416000000000000014e+01 9.390000000000000568e+01 2.819999999999999840e+00 -1.699600000000000080e+02 2.026999999999999886e+02 5.105000000000000000e+02 1.065400000000000063e+02 -9.009000000000000341e+01
-3.023999999999999844e+01 -1.209300000000000068e+02 1.076099999999999994e+02 -2.101000000000000156e+01 3.828999999999999915e+01 1.057999999999999972e+02 -1.799999999999999933e-01 -1.761800000000000068e+02 -1.239899999999999949e+02 9.193000000000000682e+01
9.835999999999999943e+01 1.381999999999999886e+02 -1.483400000000000034e+02 -1.186700000000000017e+02 4.553999999999999915e+01 1.100000000000000089e+00 -1.619000000000000128e+01 -8.095000000000000284e+01 -2.314000000000000057e+01 -1.376999999999999957e+01
-8.992000000000000171e+01 5.075000000000000000e+01 1.144999999999999929e+01 -6.718000000000000682e+01 -9.003000000000000114e+01 2.653199999999999932e+02 2.339999999999999858e+01 -1.125300000000000011e+02 -4.047999999999999687e+01 -1.491500000000000057e+02
-5.861999999999999744e+01 -7.831999999999999318e+01 1.466899999999999977e+02 -2.821000000000000085e+01 4.877000000000000313e+01 -4.170099999999999909e+02 -1.248100000000000023e+02 -1.782999999999999829e+01 -2.282999999999999829e+01 1.094999999999999929e+01
8.223999999999999488e+01 7.625000000000000000e+01 -1.982700000000000102e+02 6.623999999999999488e+01 -1.932999999999999829e+01 -3.076499999999999773e+02 2.907699999999999818e+02 9.001000000000000512e+01 -5.384000000000000341e+01 2.814999999999999858e+01
-2.898000000000000043e+01 -8.109999999999999432e+00 3.101000000000000156e+01 6.343999999999999773e+01 -1.946999999999999886e+01 7.191000000000000227e+02 8.245999999999999375e+01 1.879999999999999893e+00 1.592999999999999972e+01 -3.073999999999999844e+01
8.298000000000000398e+01 -7.359999999999999432e+01 7.656000000000000227e+01 -9.484000000000000341e+01 5.732999999999999829e+01 -8.623500000000000227e+02 -2.293000000000000114e+02 2.934800000000000182e+02 -8.059999999999999432e+01 2.835299999999999727e+02
3.764999999999999858e+01 1.229300000000000068e+02 -6.017000000000000171e+01 -1.028499999999999943e+02 -4.214000000000000057e+01 7.288799999999999955e+02 3.429700000000000273e+02 -2.821800000000000068e+02 3.164800000000000182e+02 -1.101299999999999955e+02
-8.896999999999999886e+01 -9.017000000000000171e+01 2.742000000000000171e+01 2.420500000000000114e+02 -3.571000000000000085e+01 -2.469600000000000080e+02 -8.940000000000000568e+01 1.522899999999999920e+02 -1.425800000000000125e+02 -1.472000000000000064e+01
1.730999999999999872e+01 4.810999999999999943e+01 -5.775000000000000000e+01 -5.968999999999999773e+01 3.160000000000000142e+01 -1.292199999999999989e+02 -9.401999999999999602e+01 6.179999999999999716e+00 7.864000000000000057e+01 1.287400000000000091e+02
-1.832999999999999829e+01 7.731999999999999318e+01 -1.001999999999999957e+01 -9.943999999999999773e+01 8.062000000000000455e+01 1.515699999999999932e+02 8.543999999999999773e+01 -2.638100000000000023e+02 3.971999999999999886e+01 -9.099999999999999645e+00
1.120300000000000011e+02 -1.095600000000000023e+02 -1.024899999999999949e+02 1.208700000000000045e+02 -3.949000000000000199e+01 -2.864000000000000057e+01 -2.220900000000000034e+02 3.257099999999999795e+02 -1.918600000000000136e+02 -7.028000000000000114e+01
-3.893999999999999773e+01 9.781000000000000227e+01 1.392100000000000080e+02 -9.229999999999999716e+01 -1.617000000000000171e+01 -6.751999999999999602e+01 -3.097500000000000000e+02 9.445999999999999375e+01 4.092999999999999972e+01 -1.569300000000000068e+02
6.578000000000000114e+01 -5.960999999999999943e+01 -1.500800000000000125e+02 -2.446000000000000085e+01 -3.854999999999999716e+01 -5.610000000000000142e+01 2.637300000000000182e+02 -2.963500000000000227e+02 3.957999999999999829e+01 2.091999999999999886e+02
-1.350800000000000125e+02 -8.715999999999999659e+01 1.341000000000000014e+01 -5.703999999999999915e+01 9.849999999999999645e+00 4.586999999999999744e+01 -2.694000000000000128e+01 1.659600000000000080e+02 -6.242000000000000171e+01 -2.806700000000000159e+02
4.557999999999999829e+01 7.475000000000000000e+01 -4.230000000000000426e+00 -1.607999999999999829e+01 1.764999999999999858e+01 1.530900000000000034e+02 -4.165999999999999659e+01 1.525500000000000114e+02 6.379999999999999716e+01 2.046299999999999955e+02
1.894000000000000128e+01 5.147999999999999687e+01 5.850000000000000000e+01 6.537999999999999545e+01 4.685999999999999943e+01 -1.415399999999999920e+02 -4.120000000000000107e+00 -1.466999999999999993e+01 1.441000000000000014e+01 -2.450000000000000178e+00
-4.075000000000000000e+01 -2.716000000000000014e+01 -5.667999999999999972e+01 1.335600000000000023e+02 -2.001999999999999957e+01 1.648899999999999864e+02 -2.129999999999999893e+00 -8.051000000000000512e+01 -4.679999999999999716e+00 -2.230300000000000011e+02
-6.371999999999999886e+01 9.418000000000000682e+01 -1.000000000000000000e+01 -1.632899999999999920e+02 -7.004000000000000625e+01 -2.678899999999999864e+02 1.380000000000000000e+02 -4.312099999999999795e+02 -2.103400000000000034e+02 1.797700000000000102e+02
-7.118000000000000682e+01 -5.035000000000000142e+01 -1.079200000000000017e+02 -9.934999999999999432e+01 7.510999999999999943e+01 -8.964000000000000057e+01 -6.389999999999999680e+00 -6.442000000000000171e+01 5.572999999999999687e+01 2.429099999999999966e+02
-3.589999999999999858e+00 -1.072699999999999960e+02 7.360999999999999943e+01 -8.080000000000000071e+00 -1.626999999999999957e+01 5.235499999999999545e+02 2.605299999999999727e+02 -1.819600000000000080e+02 1.855999999999999943e+02 -2.859900000000000091e+02
1.270600000000000023e+02 1.791599999999999966e+02 -2.158999999999999986e+01 -6.682999999999999829e+01 -8.349999999999999645e+00 -5.586499999999999773e+02 -2.596499999999999773e+02 4.950099999999999909e+02 -2.451100000000000136e+02 7.010999999999999943e+01
1.719999999999999973e+00 -5.638000000000000256e+01 1.082199999999999989e+02 1.725300000000000011e+02 6.401999999999999602e+01 2.725500000000000114e+02 2.786800000000000068e+02 2.487899999999999920e+02 1.894199999999999875e+02 1.022000000000000028e+02
4.035000000000000142e+01 1.865399999999999920e+02 -9.328000000000000114e+01 9.068999999999999773e+01 -4.270000000000000284e+01 -3.043399999999999750e+02 7.376000000000000512e+01 -4.459700000000000273e+02 -2.253999999999999915e+01 -1.888300000000000125e+02
-5.457000000000000028e+01 -2.598899999999999864e+02 3.795000000000000284e+01 -1.180799999999999983e+02 3.151999999999999957e+01 2.263899999999999864e+02 -1.176800000000000068e+02 1.145199999999999960e+02 -1.280399999999999920e+02 3.817599999999999909e+02
1.887800000000000011e+02 3.259000000000000341e+01 6.414000000000000057e+01 -1.129599999999999937e+02 1.566999999999999993e+01 -3.780899999999999750e+02 -1.278799999999999955e+02 -5.729999999999999716e+01 1.836800000000000068e+02 -1.318799999999999955e+02
-3.520000000000000284e+01 2.640600000000000023e+02 -2.275500000000000114e+02 9.518999999999999773e+01 -2.729999999999999982e+00 2.461800000000000068e+02 -1.561100000000000136e+02 -3.899999999999999911e+00 -6.426000000000000512e+01 -3.271600000000000250e+02
-8.935999999999999943e+01 -2.002599999999999909e+02 1.277999999999999936e+01 6.211999999999999744e+01 -5.845000000000000284e+01 1.282599999999999909e+02 -1.293600000000000136e+02 2.705400000000000205e+02 6.214000000000000057e+01 -5.592000000000000171e+01
-1.168499999999999943e+02 3.588000000000000256e+01 2.810000000000000053e+00 -1.435000000000000000e+02 1.228999999999999915e+01 -2.581499999999999773e+02 2.360000000000000142e+01 1.906899999999999977e+02 -4.189999999999999858e+01 1.288300000000000125e+02
1.450999999999999979e+01 -1.055100000000000051e+02 -7.843000000000000682e+01 2.005999999999999872e+01 1.941000000000000014e+01 1.584199999999999875e+02 -5.871999999999999886e+01 -3.193799999999999955e+02 1.751999999999999957e+01 3.187900000000000205e+02
1.772400000000000091e+02 7.650000000000000000e+01 1.753000000000000114e+01 8.106000000000000227e+01 -1.110000000000000098e+00 2.806100000000000136e+02 9.989000000000000057e+01 3.339700000000000273e+02 2.639000000000000057e+01 -2.623700000000000045e+02
8.604000000000000625e+01 -4.035999999999999943e+01 -2.738700000000000045e+02 -6.567000000000000171e+01 2.285999999999999943e+01 -3.806600000000000250e+02 -8.718999999999999773e+01 -4.202699999999999818e+02 -6.371000000000000085e+01 -8.296999999999999886e+01
-1.716100000000000136e+02 -1.630999999999999872e+01 -1.995900000000000034e+02 -5.386999999999999744e+01 -3.825999999999999801e+01 2.352100000000000080e+02 -7.112000000000000455e+01 1.065400000000000063e+02 1.814999999999999858e+01 1.639000000000000057e+01
6.570000000000000284e+00 4.156000000000000227e+01 -1.724900000000000091e+02 6.770999999999999375e+01 3.076000000000000156e+01 -1.670300000000000011e+02 1.147999999999999972e+02 -1.863899999999999864e+02 6.267000000000000171e+01 2.913600000000000136e+02
-6.375000000000000000e+01 2.912000000000000099e+01 2.957000000000000028e+01 2.039999999999999858e+01 2.648000000000000043e+01 3.065099999999999909e+02 2.645899999999999750e+02 -1.394000000000000057e+02 -6.347999999999999687e+01 -1.693199999999999932e+02
-5.860999999999999943e+01 -8.751999999999999602e+01 -7.420000000000000284e+01 -1.664900000000000091e+02 -1.092999999999999972e+01 -1.860000000000000142e+01 -2.633000000000000114e+02 2.696999999999999886e+02 -3.503999999999999915e+01 -2.058700000000000045e+02
7.187999999999999545e+01 2.462000000000000099e+01 -1.980500000000000114e+02 6.865000000000000568e+01 -3.518999999999999773e+01 -2.055999999999999872e+01 4.085600000000000023e+02 -4.158999999999999773e+02 4.578000000000000114e+01 4.028199999999999932e+02
7.181000000000000227e+01 -5.152000000000000313e+01 -1.282899999999999920e+02 -9.131000000000000227e+01 3.044000000000000128e+01 -7.401000000000000512e+01 2.912999999999999901e+01 3.428399999999999750e+02 -3.385999999999999943e+01 -1.859000000000000057e+02
3.347999999999999687e+01 9.590999999999999659e+01 -3.546000000000000085e+01 9.479999999999999716e+01 2.419000000000000128e+01 -4.148999999999999773e+02 -3.369200000000000159e+02 -5.650000000000000000e+01 6.418000000000000682e+01 5.235999999999999943e+01
-4.265999999999999659e+01 -2.960000000000000142e+01 -1.402100000000000080e+02 1.930999999999999872e+01 9.320000000000000284e+00 5.770299999999999727e+02 7.504000000000000625e+01 1.509099999999999966e+02 -8.890999999999999659e+01 -1.375600000000000023e+02
-3.183999999999999986e+01 6.420999999999999375e+01 3.560999999999999943e+01 1.109999999999999964e+01 -4.778000000000000114e+01 -4.061000000000000227e+02 -9.310000000000000497e+00 2.865400000000000205e+02 6.781000000000000227e+01 1.045300000000000011e+02
-1.441000000000000014e+01 -1.090900000000000034e+02 -1.945200000000000102e+02 4.942000000000000171e+01 2.912999999999999901e+01 -2.899999999999999911e+00 -3.154700000000000273e+02 -2.143199999999999932e+02 -9.339999999999999858e+00 5.228999999999999915e+01
1.328999999999999915e+01 1.633999999999999986e+01 -1.459000000000000057e+02 -1.660900000000000034e+02 -2.935999999999999943e+01 1.420500000000000114e+02 4.083600000000000136e+02 -3.984800000000000182e+02 -8.773999999999999488e+01 -3.439999999999999858e+01
7.268999999999999773e+01 1.018400000000000034e+02 9.229999999999999716e+01 -6.434999999999999432e+01 2.701000000000000156e+01 -3.343700000000000045e+02 -3.457799999999999727e+02 2.902699999999999818e+02 2.475999999999999943e+02 -6.093999999999999773e+01
3.653999999999999915e+01 -1.339499999999999886e+02 -5.906000000000000227e+01 2.332299999999999898e+02 -3.510999999999999943e+01 5.303799999999999955e+02 4.936999999999999744e+01 1.702899999999999920e+02 -1.031700000000000017e+02 -7.365999999999999659e+01
-6.690999999999999659e+01 3.770000000000000018e+00 4.274000000000000199e+01 -2.707999999999999829e+01 -2.416000000000000014e+01 -4.180699999999999932e+02 6.150999999999999801e+01 1.513899999999999864e+02 1.826999999999999957e+01 -2.595299999999999727e+02
6.346999999999999886e+01 6.365999999999999659e+01 -4.640999999999999659e+01 -1.613400000000000034e+02 3.953999999999999915e+01 2.998299999999999841e+02 -1.402999999999999936e+01 -1.115400000000000063e+02 -1.247800000000000011e+02 5.474199999999999591e+02
-1.650900000000000034e+02 -6.060999999999999943e+01 6.415000000000000568e+01 -2.414000000000000057e+01 -4.610000000000000320e+00 -4.888700000000000045e+02 -1.157699999999999960e+02 -2.675500000000000114e+02 1.357000000000000028e+01 -2.879200000000000159e+02
3.778999999999999915e+01 6.067000000000000171e+01 6.684000000000000341e+01 -4.121999999999999886e+01 5.884000000000000341e+01 8.564700000000000273e+02 1.752199999999999989e+02 9.137000000000000455e+01 2.044399999999999977e+02 -3.345699999999999932e+02
8.537000000000000455e+01 -3.479999999999999982e+00 5.192000000000000171e+01 1.470600000000000023e+02 -2.192000000000000171e+01 -3.627400000000000091e+02 1.182800000000000011e+02 -5.792999999999999972e+01 -1.972700000000000102e+02 6.409400000000000546e+02
-6.389000000000000057e+01 1.444600000000000080e+02 8.514000000000000057e+01 7.351999999999999602e+01 -2.858999999999999986e+01 4.195600000000000023e+02 -1.811299999999999955e+02 5.679999999999999716e+00 1.257900000000000063e+02 -1.567800000000000011e+02
1.296999999999999886e+02 -1.794300000000000068e+02 -9.170000000000000284e+01 -1.130999999999999943e+02 -6.219999999999999751e+00 -6.241599999999999682e+02 5.703000000000000114e+01 3.930000000000000160e+00 -1.775800000000000125e+02 1.375800000000000125e+02
3.775999999999999801e+01 7.362999999999999545e+01 1.912999999999999901e+01 -1.569199999999999875e+02 4.985000000000000142e+01 4.547799999999999727e+02 -1.281000000000000050e+01 -1.653100000000000023e+02 1.248299999999999983e+02 -4.675000000000000000e+01
-2.247700000000000102e+02 8.246999999999999886e+01 5.381000000000000227e+01 9.740000000000000213e+00 -2.680000000000000160e+00 -5.818300000000000409e+02 2.106699999999999875e+02 5.924000000000000199e+01 -2.642999999999999972e+01 -1.491200000000000045e+02
-1.256599999999999966e+02 -4.593999999999999773e+01 4.642999999999999972e+01 1.682199999999999989e+02 -1.766000000000000014e+01 2.430900000000000034e+02 -3.978999999999999915e+01 3.935999999999999943e+01 -7.931000000000000227e+01 3.249900000000000091e+02
2.044600000000000080e+02 4.507999999999999829e+01 7.037999999999999545e+01 -8.223999999999999488e+01 1.707000000000000028e+01 3.830500000000000114e+02 1.401299999999999955e+02 1.903600000000000136e+02 0.000000000000000000e+00 -1.356500000000000057e+02
2.071999999999999886e+01 -3.468999999999999773e+01 1.322000000000000064e+01 -3.479999999999999982e+00 3.810000000000000053e+00 -8.388099999999999454e+02 -1.644600000000000080e+02 1.622899999999999920e+02 1.566000000000000014e+01 7.995000000000000284e+01
1.164300000000000068e+02 -6.156000000000000227e+01 -7.778000000000000114e+01 4.940000000000000391e+00 -2.042000000000000171e+01 8.822699999999999818e+02 -9.660000000000000142e+00 -4.003899999999999864e+02 3.614999999999999858e+01 -8.625000000000000000e+01
-1.441500000000000057e+02 -1.800000000000000044e+00 1.102199999999999989e+02 -1.089300000000000068e+02 3.470000000000000195e+00 -7.970499999999999545e+02 -1.540699999999999932e+02 3.459700000000000273e+02 -2.156800000000000068e+02 -1.024899999999999949e+02
2.616000000000000014e+01 1.422000000000000064e+01 -1.460200000000000102e+02 -1.144800000000000040e+02 3.352000000000000313e+01 1.455699999999999932e+02 1.538600000000000136e+02 -9.487000000000000455e+01 -4.311999999999999744e+01 -2.441899999999999977e+02
-1.435900000000000034e+02 -2.925000000000000000e+01 -1.285099999999999909e+02 9.598000000000000398e+01 -5.220000000000000284e+01 2.675000000000000000e+02 -7.182999999999999829e+01 -2.020300000000000011e+02 1.312199999999999989e+02 1.489399999999999977e+02
6.462000000000000455e+01 3.514000000000000057e+01 -3.850999999999999801e+01 8.199999999999999289e+00 1.413000000000000078e+01 -4.030400000000000205e+02 -6.876999999999999602e+01 3.735699999999999932e+02 -1.653799999999999955e+02 2.651499999999999773e+02
1.267999999999999972e+01 -1.275499999999999972e+02 -9.742000000000000171e+01 -2.639000000000000057e+01 3.939999999999999947e+00 4.965099999999999909e+02 4.577000000000000313e+01 -2.647200000000000273e+02 2.763600000000000136e+02 -2.214900000000000091e+02
8.390000000000000568e+00 7.484999999999999432e+01 5.714000000000000057e+01 8.993000000000000682e+01 2.060000000000000053e+00 -4.657799999999999727e+02 -1.216999999999999993e+01 2.823999999999999773e+02 -4.714999999999999858e+01 -1.167999999999999972e+02
-1.435900000000000034e+02 1.469900000000000091e+02 -1.273499999999999943e+02 -1.068100000000000023e+02 9.880000000000000782e+00 8.464600000000000364e+02 1.764300000000000068e+02 1.963600000000000136e+02 0.000000000000000000e+00 2.374699999999999989e+02
1.042199999999999989e+02 -3.397999999999999687e+01 -3.746000000000000085e+01 -1.026999999999999957e+01 1.141999999999999993e+01 -9.147200000000000273e+02 -1.113199999999999932e+02 -4.804900000000000091e+02 -2.494999999999999929e+01 1.890300000000000011e+02
1.438000000000000078e+01 -1.485999999999999943e+01 -1.214399999999999977e+02 -5.359000000000000341e+01 3.992999999999999972e+01 6.823500000000000227e+02 4.346000000000000085e+01 8.257999999999999829e+01 -4.129999999999999716e+01 -3.671800000000000068e+02
1.743199999999999932e+02 4.031000000000000227e+01 -8.150000000000000000e+01 1.465500000000000114e+02 -2.660000000000000142e+01 -5.135000000000000000e+02 -5.867999999999999972e+01 -1.814699999999999989e+02 -4.402000000000000313e+01 4.868399999999999750e+02
-5.860000000000000320e+00 9.349999999999999645e+00 -4.650000000000000355e+00 1.900000000000000000e+01 1.912999999999999901e+01 3.734800000000000182e+02 2.151500000000000057e+02 1.664000000000000057e+02 1.296399999999999864e+02 -2.495900000000000034e+02
-2.387700000000000102e+02 -5.607000000000000028e+01 6.600000000000000311e-01 -1.606599999999999966e+02 -1.549000000000000021e+01 -1.830999999999999943e+02 -9.923000000000000398e+01 1.205400000000000063e+02 -1.416500000000000057e+02 -4.735000000000000142e+01
2.725600000000000023e+02 1.126999999999999957e+01 -6.670000000000000284e+01 -1.658600000000000136e+02 3.959999999999999964e+00 2.644599999999999795e+02 5.309999999999999609e+00 -7.443999999999999773e+01 1.876999999999999957e+01 2.280999999999999872e+01
-6.053000000000000114e+01 7.635999999999999943e+01 2.835999999999999943e+01 1.646599999999999966e+02 -8.410000000000000142e+00 -4.089200000000000159e+02 1.395900000000000034e+02 -1.514000000000000057e+01 1.004200000000000017e+02 1.144099999999999966e+02
1.583000000000000007e+01 -3.560999999999999943e+01 1.498100000000000023e+02 1.363000000000000078e+01 5.342000000000000171e+01 5.449000000000000199e+01 -1.926000000000000156e+01 -1.021000000000000085e+01 -1.194300000000000068e+02 1.048499999999999943e+02
4.034000000000000341e+01 -1.310900000000000034e+02 -7.295999999999999375e+01 -4.152000000000000313e+01 -1.669000000000000128e+01 5.593500000000000227e+02 -5.253999999999999915e+01 -6.870000000000000284e+01 4.207999999999999829e+01 -1.400399999999999920e+02
-2.325200000000000102e+02 5.017000000000000171e+01 -1.646899999999999977e+02 -6.778000000000000114e+01 -7.209999999999999964e+00 -8.172599999999999909e+02 -1.483600000000000136e+02 7.751000000000000512e+01 -1.796999999999999886e+02 -5.224000000000000199e+01
-4.810000000000000142e+01 -6.781000000000000227e+01 1.069000000000000057e+02 -1.099399999999999977e+02 4.174000000000000199e+01 -2.094999999999999929e+01 -1.251700000000000017e+02 -3.682999999999999829e+01 3.615999999999999659e+01 -2.490099999999999909e+02
6.982999999999999829e+01 6.470000000000000284e+01 1.307000000000000028e+01 4.067999999999999972e+01 -7.714000000000000057e+01 1.785300000000000011e+02 1.370900000000000034e+02 -7.300000000000000000e+01 8.190000000000000568e+01 -1.224000000000000021e+01
-2.900000000000000000e+01 -4.071999999999999886e+01 2.311699999999999875e+02 2.279600000000000080e+02 3.334000000000000341e+01 2.581899999999999977e+02 2.292100000000000080e+02 3.155299999999999727e+02 9.015000000000000568e+01 1.337100000000000080e+02
1.259500000000000028e+02 -3.107999999999999829e+01 1.438100000000000023e+02 -1.753100000000000023e+02 5.507000000000000028e+01 3.276899999999999977e+02 -2.268799999999999955e+02 3.402099999999999795e+02 2.844999999999999929e+01 2.891600000000000250e+02
-7.370000000000000284e+01 5.911999999999999744e+01 3.804999999999999716e+01 -4.160000000000000142e+00 -3.870000000000000284e+01 -7.107100000000000364e+02 -9.454000000000000625e+01 -5.789999999999999858e+01 -1.715500000000000114e+02 -2.595600000000000023e+02
-1.010999999999999943e+02 -3.338000000000000256e+01 3.711999999999999744e+01 -6.614000000000000057e+01 6.110000000000000320e+00 1.185799999999999983e+02 7.771999999999999886e+01 -5.023199999999999932e+02 5.182000000000000028e+01 -5.190999999999999659e+01
1.018400000000000034e+02 4.746999999999999886e+01 1.305999999999999943e+02 -3.507000000000000028e+01 -2.744999999999999929e+01 -1.055000000000000000e+02 -3.013100000000000023e+02 2.803799999999999955e+02 7.007999999999999829e+01 -2.987999999999999901e+01
-7.334000000000000341e+01 -1.484999999999999964e+01 1.853300000000000125e+02 2.478600000000000136e+02 4.777000000000000313e+01 1.193499999999999943e+02 -2.551000000000000156e+01 -3.723600000000000136e+02 7.900000000000000355e+00 2.166699999999999875e+02
9.793999999999999773e+01 4.622999999999999687e+01 1.562700000000000102e+02 -4.542000000000000171e+01 -1.141999999999999993e+01 1.014120000000000005e+03 1.176500000000000057e+02 3.637500000000000000e+02 3.060999999999999943e+01 2.547800000000000011e+02
-6.890000000000000568e+01 5.152000000000000313e+01 1.283300000000000125e+02 -2.054499999999999886e+02 3.781000000000000227e+01 -1.225099999999999909e+03 1.154200000000000017e+02 -1.126700000000000017e+02 1.016800000000000068e+02 -2.168100000000000023e+02
1.166099999999999994e+02 -6.626000000000000512e+01 8.350000000000000000e+01 7.576999999999999602e+01 -1.119000000000000057e+02 1.119369999999999891e+03 1.094899999999999949e+02 -1.439799999999999898e+02 -2.877599999999999909e+02 -5.135999999999999943e+01
-1.398600000000000136e+02 5.296999999999999886e+01 -1.917999999999999972e+01 -1.388600000000000136e+02 1.114300000000000068e+02 -8.813999999999999773e+02 1.081000000000000050e+01 -9.860999999999999943e+01 5.181000000000000227e+01 -9.892000000000000171e+01
4.454999999999999716e+01 -6.651000000000000512e+01 2.310999999999999943e+01 -9.123000000000000398e+01 -1.531000000000000050e+01 1.745099999999999909e+02 -1.536200000000000045e+02 1.603100000000000023e+02 -6.095000000000000284e+01 2.674100000000000250e+02
8.765999999999999659e+01 3.477000000000000313e+01 1.419300000000000068e+02 2.721200000000000045e+02 -2.396999999999999886e+01 -1.875300000000000011e+02 -1.091000000000000014e+01 -2.863899999999999864e+02 1.746999999999999886e+01 -2.567900000000000205e+02
-4.132999999999999829e+01 -1.889000000000000057e+01 1.331899999999999977e+02 -1.657599999999999909e+02 -8.140000000000000568e+00 1.381100000000000136e+02 1.475300000000000011e+02 1.518799999999999955e+02 5.459000000000000341e+01 5.039000000000000057e+01
-1.411699999999999875e+02 -4.107000000000000028e+01 3.703999999999999915e+01 7.648999999999999488e+01 9.330000000000000071e+00 3.518600000000000136e+02 9.079000000000000625e+01 2.896700000000000159e+02 -1.489999999999999991e+00 -9.318000000000000682e+01
1.305399999999999920e+02 8.831999999999999318e+01 -1.238299999999999983e+02 -4.465999999999999659e+01 1.629999999999999893e+00 -8.056000000000000227e+02 9.162999999999999545e+01 -1.270900000000000034e+02 -1.462299999999999898e+02 -3.365999999999999659e+01
-1.692599999999999909e+02 -4.145000000000000284e+01 -2.799999999999999822e+00 -6.990999999999999659e+01 -3.459000000000000341e+01 6.528600000000000136e+02 -2.111200000000000045e+02 1.104300000000000068e+02 1.145400000000000063e+02 1.467400000000000091e+02
3.098000000000000043e+01 -3.610000000000000142e+01 -5.825000000000000000e+01 -2.823000000000000043e+01 -1.046000000000000085e+01 -7.159099999999999682e+02 -1.463799999999999955e+02 4.525299999999999727e+02 2.389000000000000057e+01 8.801000000000000512e+01
-3.067999999999999972e+01 1.969000000000000128e+01 8.287999999999999545e+01 2.184099999999999966e+02 -2.120000000000000107e+00 4.238100000000000023e+02 7.051999999999999602e+01 -2.530800000000000125e+02 1.341999999999999993e+01 1.022399999999999949e+02
4.452000000000000313e+01 8.429999999999999716e+00 1.276500000000000057e+02 -3.756000000000000227e+01 1.259399999999999977e+02 -2.580000000000000071e+00 1.457000000000000028e+01 4.290999999999999659e+01 -1.794999999999999929e+01 -1.703000000000000114e+02
1.280200000000000102e+02 8.323000000000000398e+01 -1.276999999999999957e+01 -6.549999999999999822e+00 -5.357000000000000028e+01 1.190000000000000000e+02 -9.723000000000000398e+01 3.071999999999999886e+01 1.178400000000000034e+02 1.252699999999999960e+02
9.215000000000000568e+01 1.290099999999999909e+02 9.440999999999999659e+01 -3.525999999999999801e+01 -2.267000000000000171e+01 -2.030800000000000125e+02 -1.525000000000000000e+01 -1.247099999999999937e+02 -3.757000000000000028e+01 -1.405999999999999943e+02
1.316200000000000045e+02 -1.618400000000000034e+02 -6.213000000000000256e+01 -3.607999999999999829e+01 3.638000000000000256e+01 1.112199999999999989e+02 1.501399999999999864e+02 -2.058000000000000114e+02 4.524000000000000199e+01 7.701000000000000512e+01
-2.794800000000000182e+02 3.874000000000000199e+01 -1.474600000000000080e+02 -9.787999999999999545e+01 -3.938000000000000256e+01 4.565699999999999932e+02 -7.592000000000000171e+01 1.226400000000000006e+02 -2.307999999999999829e+01 1.115100000000000051e+02
-5.890999999999999659e+01 -5.578999999999999915e+01 1.097300000000000040e+02 7.742000000000000171e+01 7.634999999999999432e+01 -4.523100000000000023e+02 1.865500000000000114e+02 -3.524800000000000182e+02 -1.440300000000000011e+02 1.164899999999999949e+02
