-2.332500000000000000e+02 4.950000000000000178e+00 0.000000000000000000e+00 7.115000000000000568e+01 4.700999999999999801e+01 -9.855599999999999454e+02 -2.773899999999999864e+02 -4.784499999999999886e+02 -1.261800000000000068e+02 -7.062000000000000455e+01
1.585900000000000034e+02 -2.071000000000000085e+01 0.000000000000000000e+00 -7.854999999999999716e+01 6.900000000000000355e+00 1.187119999999999891e+03 -2.837599999999999909e+02 6.829800000000000182e+02 1.920699999999999932e+02 8.581999999999999318e+01
4.945799999999999841e+02 -1.662299999999999898e+02 0.000000000000000000e+00 -2.161899999999999977e+02 -2.717000000000000171e+01 5.249500000000000455e+02 -7.332999999999999829e+01 -3.023700000000000045e+02 1.041000000000000014e+01 1.489900000000000091e+02
-5.693300000000000409e+02 -1.880900000000000034e+02 0.000000000000000000e+00 2.583600000000000136e+02 -3.811999999999999744e+01 -1.870800000000000125e+02 9.791000000000000227e+02 1.111500000000000057e+02 9.562999999999999545e+01 -2.580199999999999818e+02
-1.566699999999999875e+02 2.473000000000000043e+01 0.000000000000000000e+00 1.793100000000000023e+02 4.653999999999999915e+01 1.173299999999999983e+02 -8.099999999999999645e+00 1.555399999999999920e+02 -2.039000000000000057e+02 -3.253000000000000114e+02
-1.746200000000000045e+02 6.184000000000000341e+01 0.000000000000000000e+00 -7.209000000000000341e+01 -6.899999999999999467e-01 -1.416730000000000018e+03 -6.796299999999999955e+02 -9.693400000000000318e+02 2.258999999999999986e+01 -5.129199999999999591e+02
5.217999999999999545e+02 -1.875699999999999932e+02 0.000000000000000000e+00 -2.520099999999999909e+02 -2.503000000000000114e+01 -1.689300000000000068e+02 -6.109099999999999682e+02 1.792800000000000011e+02 -1.726399999999999864e+02 2.216200000000000045e+02
4.461800000000000068e+02 -2.583500000000000227e+02 0.000000000000000000e+00 -7.370999999999999375e+01 -8.410000000000000142e+00 6.237300000000000182e+02 6.421299999999999955e+02 4.021600000000000250e+02 2.614399999999999977e+02 -3.560000000000000053e+00
-4.804200000000000159e+02 -2.570799999999999841e+02 0.000000000000000000e+00 1.781699999999999875e+02 3.549999999999999822e+00 2.256269999999999982e+03 1.097470000000000027e+03 4.302400000000000091e+02 2.459499999999999886e+02 -2.881200000000000045e+02
-2.973000000000000114e+02 8.376999999999999602e+01 0.000000000000000000e+00 2.435999999999999943e+02 3.900000000000000000e+01 -1.602240000000000009e+03 -1.465099999999999909e+02 1.563400000000000034e+02 -2.219000000000000057e+02 -1.643499999999999943e+02
4.086999999999999744e+01 -5.349000000000000199e+01 0.000000000000000000e+00 1.409099999999999966e+02 2.603999999999999915e+01 -2.278250000000000000e+03 -1.641519999999999982e+03 -6.720900000000000318e+02 1.041999999999999993e+01 -6.766900000000000546e+02
4.477099999999999795e+02 -2.337500000000000000e+02 0.000000000000000000e+00 -5.357799999999999727e+02 -3.035000000000000142e+01 2.245730000000000018e+03 -2.508700000000000045e+02 -6.572500000000000000e+02 -1.510600000000000023e+02 2.276000000000000156e+01
-1.186500000000000057e+02 -3.448500000000000227e+02 0.000000000000000000e+00 6.043999999999999773e+01 -8.193000000000000682e+01 2.543799999999999955e+02 1.561519999999999982e+03 8.111200000000000045e+02 2.021699999999999875e+02 -1.479199999999999875e+02
-7.034999999999999432e+01 -9.648000000000000398e+01 0.000000000000000000e+00 4.028299999999999841e+02 5.845000000000000284e+01 -5.033000000000000114e+02 2.441800000000000068e+02 -6.057000000000000028e+01 -1.129899999999999949e+02 -5.598600000000000136e+02
3.953000000000000114e+01 -1.119099999999999966e+02 0.000000000000000000e+00 -7.065000000000000568e+01 1.573000000000000043e+01 -8.283999999999999773e+02 -3.715199999999999818e+02 2.624200000000000159e+02 1.371399999999999864e+02 -8.444600000000000364e+02
-4.846499999999999773e+02 -2.371999999999999886e+02 0.000000000000000000e+00 -3.090299999999999727e+02 -1.171000000000000085e+01 1.753180000000000064e+03 -7.818799999999999955e+02 1.360600000000000023e+02 -2.020900000000000034e+02 -5.278999999999999915e+01
-1.368199999999999932e+02 5.379999999999999893e+00 0.000000000000000000e+00 -3.868199999999999932e+02 3.979999999999999982e+00 9.357200000000000273e+02 2.233199999999999932e+02 -1.650999999999999943e+02 -1.671999999999999886e+01 2.124499999999999886e+02
6.056699999999999591e+02 -8.384000000000000341e+01 0.000000000000000000e+00 5.908500000000000227e+02 9.859999999999999432e+00 -4.023829999999999927e+03 6.322100000000000364e+02 -1.159000000000000057e+02 4.118999999999999773e+01 -9.746799999999999500e+02
5.098700000000000045e+02 -2.879599999999999795e+02 0.000000000000000000e+00 8.668000000000000682e+01 -2.823000000000000043e+01 -1.185400000000000063e+02 -1.535800000000000125e+02 6.581000000000000227e+01 4.107099999999999795e+02 -4.841899999999999977e+02
-1.712700000000000102e+02 4.400999999999999801e+01 0.000000000000000000e+00 -1.111099999999999994e+02 1.655999999999999872e+01 3.198969999999999800e+03 -2.294499999999999886e+02 -7.806699999999999591e+02 -3.010500000000000114e+02 -2.787000000000000099e+01
-9.350800000000000409e+02 -1.912500000000000000e+02 0.000000000000000000e+00 7.504999999999999716e+01 -3.048999999999999844e+01 -8.088999999999999773e+02 -1.452299999999999898e+02 1.143519999999999982e+03 -9.818000000000000682e+01 -5.204700000000000273e+02
-5.776900000000000546e+02 -5.024000000000000199e+01 0.000000000000000000e+00 -2.073400000000000034e+02 3.332999999999999829e+01 1.554099999999999909e+03 3.581100000000000136e+02 -7.028600000000000136e+02 -3.682000000000000028e+01 -2.525500000000000114e+02
1.411630000000000109e+03 1.782000000000000028e+01 0.000000000000000000e+00 -3.080999999999999872e+01 3.682000000000000028e+01 -2.694389999999999873e+03 -6.500499999999999545e+02 2.259699999999999989e+02 2.908399999999999750e+02 -3.085199999999999818e+02
4.307699999999999818e+02 -9.459999999999999432e+01 0.000000000000000000e+00 2.122700000000000102e+02 -2.666000000000000014e+01 -2.168809999999999945e+03 5.340700000000000500e+02 5.362200000000000273e+02 -1.238199999999999932e+02 -4.099499999999999886e+02
-3.808000000000000114e+02 -9.810000000000000497e+00 0.000000000000000000e+00 1.067800000000000011e+02 -3.953000000000000114e+01 4.198930000000000291e+03 4.020699999999999932e+02 -4.202599999999999909e+02 -1.511999999999999886e+02 -5.330599999999999454e+02
-9.827799999999999727e+02 -7.828000000000000114e+01 0.000000000000000000e+00 -1.770999999999999943e+02 -6.849999999999999645e+00 6.879299999999999500e+02 -3.992400000000000091e+02 -3.500699999999999932e+02 7.725000000000000000e+01 -3.162200000000000273e+02
2.393600000000000136e+02 -4.328999999999999915e+01 0.000000000000000000e+00 -1.899900000000000091e+02 4.964000000000000057e+01 -1.295509999999999991e+03 -5.865099999999999909e+02 4.556499999999999773e+02 -8.004000000000000625e+01 4.565999999999999659e+01
1.314099999999999966e+02 2.009499999999999886e+02 0.000000000000000000e+00 1.056000000000000050e+01 -4.134000000000000341e+01 -1.700349999999999909e+03 8.812000000000000455e+02 -1.070300000000000011e+02 6.523000000000000398e+01 -2.362000000000000099e+01
6.347300000000000182e+02 6.695000000000000284e+01 0.000000000000000000e+00 1.928000000000000114e+02 8.210000000000000853e+00 -8.084999999999999432e+01 2.251500000000000057e+02 -5.378999999999999915e+01 -2.467000000000000171e+01 -2.098300000000000125e+02
-1.895000000000000000e+02 1.074099999999999966e+02 0.000000000000000000e+00 9.310999999999999943e+01 3.064000000000000057e+01 9.786000000000000227e+02 -3.230600000000000023e+02 -6.360999999999999943e+01 1.662100000000000080e+02 -1.754399999999999977e+02
-2.783399999999999750e+02 1.706800000000000068e+02 0.000000000000000000e+00 -3.271800000000000068e+02 -3.722999999999999687e+01 1.055549999999999955e+03 -5.759199999999999591e+02 -2.491999999999999886e+02 1.391500000000000057e+02 -2.052299999999999898e+02
-4.157000000000000028e+01 7.264000000000000057e+01 0.000000000000000000e+00 2.695400000000000205e+02 6.146999999999999886e+01 -8.003700000000000045e+02 7.604000000000000625e+01 3.071999999999999886e+01 -1.410300000000000011e+02 2.560899999999999750e+02
8.542000000000000171e+01 6.328999999999999915e+01 0.000000000000000000e+00 1.791299999999999955e+02 -3.853000000000000114e+01 3.894200000000000159e+02 6.508099999999999454e+02 7.576999999999999602e+01 -4.062599999999999909e+02 -1.141099999999999994e+02
2.420300000000000011e+02 7.440000000000000391e+00 0.000000000000000000e+00 -1.134699999999999989e+02 -6.549999999999999822e+00 -1.249579999999999927e+03 -2.454099999999999966e+02 3.316600000000000250e+02 2.140200000000000102e+02 4.977300000000000182e+02
-3.354200000000000159e+02 2.583399999999999750e+02 0.000000000000000000e+00 -1.900200000000000102e+02 -1.228999999999999915e+01 -8.784600000000000364e+02 -4.507999999999999829e+01 4.200099999999999909e+02 5.817000000000000171e+01 -7.051900000000000546e+02
-2.440999999999999943e+02 2.029000000000000057e+02 0.000000000000000000e+00 -5.875999999999999801e+01 -1.370000000000000107e+00 2.643969999999999800e+03 1.264599999999999937e+02 -7.604500000000000455e+02 4.041499999999999773e+02 -5.892300000000000182e+02
9.907999999999999829e+01 1.202500000000000000e+02 0.000000000000000000e+00 3.188899999999999864e+02 5.238000000000000256e+01 -3.826299999999999955e+02 1.512700000000000102e+02 3.037599999999999909e+02 -4.433799999999999955e+02 5.457300000000000182e+02
4.623299999999999841e+02 9.370000000000000284e+01 0.000000000000000000e+00 1.498000000000000114e+02 -4.022999999999999687e+01 -7.000800000000000409e+02 2.270500000000000114e+02 2.361899999999999977e+02 -1.218400000000000034e+02 -8.042000000000000171e+01
2.177599999999999909e+02 -2.167000000000000171e+01 0.000000000000000000e+00 -3.028600000000000136e+02 -3.055999999999999872e+01 1.457800000000000011e+02 -3.231899999999999977e+02 2.151100000000000136e+02 3.018600000000000136e+02 2.013199999999999932e+02
-4.201299999999999955e+02 1.804399999999999977e+02 0.000000000000000000e+00 -1.754099999999999966e+02 3.657999999999999829e+01 -1.904119999999999891e+03 -1.236500000000000057e+02 -4.232900000000000205e+02 -1.356899999999999977e+02 -2.459900000000000091e+02
-3.158799999999999955e+02 2.112400000000000091e+02 0.000000000000000000e+00 7.060999999999999943e+01 -2.025000000000000000e+01 1.534099999999999909e+03 1.463600000000000136e+02 -1.726829999999999927e+03 2.212800000000000011e+02 -1.203499999999999943e+02
2.338899999999999864e+02 1.855999999999999872e+01 0.000000000000000000e+00 -1.360000000000000098e+00 4.420000000000000284e+01 1.044980000000000018e+03 7.445000000000000284e+01 2.037700000000000045e+03 -1.496399999999999864e+02 -1.000900000000000034e+02
7.681000000000000227e+01 4.350000000000000000e+01 0.000000000000000000e+00 7.079999999999999716e+01 8.609999999999999432e+00 -4.314000000000000057e+01 -1.447299999999999898e+02 5.059900000000000091e+02 5.103000000000000114e+01 1.467599999999999909e+02
1.304600000000000080e+02 1.105300000000000011e+02 0.000000000000000000e+00 3.636800000000000068e+02 -2.971999999999999886e+01 -2.755519999999999982e+03 2.100699999999999932e+02 -1.321440000000000055e+03 -1.263900000000000006e+02 5.949500000000000455e+02
-3.138999999999999773e+02 -1.676299999999999955e+02 0.000000000000000000e+00 -5.678999999999999915e+01 1.557000000000000028e+01 7.900099999999999909e+02 -5.306100000000000136e+02 -4.408500000000000227e+02 -1.582899999999999920e+02 -1.069999999999999929e+01
1.948600000000000136e+02 3.585000000000000142e+01 0.000000000000000000e+00 -2.346800000000000068e+02 -4.247999999999999687e+01 1.826559999999999945e+03 2.659100000000000250e+02 5.111299999999999955e+02 4.328600000000000136e+02 -5.158999999999999773e+02
-1.187199999999999989e+02 -3.485000000000000142e+01 0.000000000000000000e+00 -4.389300000000000068e+02 7.740000000000000213e+00 1.601250000000000000e+03 1.544099999999999966e+02 1.030089999999999918e+03 -2.001999999999999957e+01 -7.115999999999999659e+01
-3.576600000000000250e+02 -5.650999999999999801e+01 0.000000000000000000e+00 4.339200000000000159e+02 3.279999999999999716e+01 -2.307699999999999818e+03 7.495000000000000284e+01 -1.001099999999999994e+02 -4.425199999999999818e+02 2.636000000000000227e+02
4.796200000000000045e+02 -1.623000000000000043e+01 0.000000000000000000e+00 3.101399999999999864e+02 -1.122000000000000064e+01 -2.535079999999999927e+03 2.912300000000000182e+02 -1.486490000000000009e+03 -7.471999999999999886e+01 4.112900000000000205e+02
2.232800000000000011e+02 -2.173999999999999844e+01 0.000000000000000000e+00 -2.907099999999999795e+02 4.950000000000000178e+00 2.192969999999999800e+03 -1.329699999999999989e+02 4.647500000000000000e+02 3.365099999999999909e+02 -4.354700000000000273e+02
-4.384000000000000341e+01 -2.055000000000000000e+02 0.000000000000000000e+00 -2.319999999999999929e+01 -3.080000000000000071e+01 1.122119999999999891e+03 -4.414300000000000068e+02 9.983400000000000318e+02 -1.846500000000000057e+02 3.680000000000000000e+02
-8.539900000000000091e+02 -5.585999999999999943e+01 0.000000000000000000e+00 -5.846999999999999886e+01 -3.185999999999999943e+01 -4.006000000000000227e+02 4.786399999999999864e+02 -7.742699999999999818e+02 3.371700000000000159e+02 3.433199999999999932e+02
1.205900000000000034e+02 -9.460000000000000853e+00 0.000000000000000000e+00 2.732000000000000028e+01 4.542999999999999972e+01 -6.794299999999999500e+02 -2.201599999999999966e+02 2.971999999999999886e+01 -1.121200000000000045e+02 1.320200000000000102e+02
7.197599999999999909e+02 -2.149999999999999911e+00 0.000000000000000000e+00 1.200499999999999972e+02 6.289999999999999858e+01 -1.556690000000000055e+03 -4.254900000000000091e+02 -5.293999999999999773e+01 -2.362899999999999920e+02 2.347299999999999898e+02
5.380299999999999727e+02 -1.257300000000000040e+02 0.000000000000000000e+00 1.508499999999999943e+02 1.200999999999999979e+01 4.850799999999999841e+02 4.580500000000000114e+02 5.842999999999999972e+01 1.139200000000000017e+02 6.626499999999999773e+02
-6.916799999999999500e+02 2.605999999999999872e+01 0.000000000000000000e+00 6.675000000000000000e+01 -3.359000000000000341e+01 2.681980000000000018e+03 5.380800000000000409e+02 5.400000000000000000e+02 5.325999999999999801e+01 1.507599999999999909e+02
-9.048999999999999773e+02 -2.261699999999999875e+02 0.000000000000000000e+00 2.101999999999999957e+01 -6.259000000000000341e+01 -6.871200000000000045e+02 -8.059600000000000364e+02 -5.602799999999999727e+02 1.773999999999999844e+01 2.550200000000000102e+02
-4.510999999999999943e+01 -5.954999999999999716e+01 0.000000000000000000e+00 -3.615000000000000000e+02 1.701999999999999957e+01 -3.380899999999999750e+02 2.448700000000000045e+02 4.523500000000000227e+02 1.192999999999999972e+02 -4.130600000000000023e+02
1.570680000000000064e+03 -2.791000000000000014e+01 0.000000000000000000e+00 3.703999999999999915e+01 4.688000000000000256e+01 -2.571619999999999891e+03 2.453600000000000136e+02 -9.659199999999999591e+02 -1.252500000000000000e+02 4.162799999999999727e+02
2.146999999999999886e+02 -5.770000000000000284e+01 0.000000000000000000e+00 3.200000000000000178e+00 3.372999999999999687e+01 1.737390000000000100e+03 -3.532300000000000182e+02 5.585900000000000318e+02 -1.581000000000000050e+01 7.587500000000000000e+02
-9.453600000000000136e+02 -1.578499999999999943e+02 0.000000000000000000e+00 1.711999999999999886e+02 -2.237999999999999901e+01 4.165799999999999841e+02 4.805299999999999727e+02 5.138899999999999864e+02 -9.032999999999999829e+01 3.988500000000000227e+02
-6.732999999999999545e+02 -7.665999999999999659e+01 0.000000000000000000e+00 1.849000000000000057e+02 -6.414000000000000057e+01 1.593999999999999950e+01 -6.857999999999999829e+01 -6.950700000000000500e+02 1.736500000000000057e+02 6.475000000000000000e+01
2.998999999999999844e+01 -7.700000000000000178e+00 0.000000000000000000e+00 -1.505800000000000125e+02 1.776999999999999957e+01 1.761829999999999927e+03 -4.785199999999999818e+02 8.493999999999999773e+01 -5.671999999999999886e+01 -2.766100000000000136e+02
7.905000000000000000e+02 -2.092999999999999972e+01 0.000000000000000000e+00 -2.985799999999999841e+02 3.332000000000000028e+01 -3.327590000000000146e+03 3.770500000000000114e+02 3.724000000000000199e+01 1.029899999999999949e+02 2.819100000000000250e+02
5.977999999999999545e+02 -7.204999999999999716e+01 0.000000000000000000e+00 1.122500000000000000e+02 -1.176999999999999957e+01 3.181999999999999886e+02 -4.368600000000000136e+02 5.000500000000000114e+02 -1.140600000000000023e+02 1.083529999999999973e+03
-6.363500000000000227e+02 5.742999999999999972e+01 0.000000000000000000e+00 3.631200000000000045e+02 1.361999999999999922e+01 -4.707000000000000028e+01 5.059000000000000341e+01 -1.055680000000000064e+03 1.437100000000000080e+02 4.154700000000000273e+02
-5.288500000000000227e+02 8.156999999999999318e+01 0.000000000000000000e+00 -2.151999999999999957e+01 -4.139999999999999680e+00 2.943880000000000109e+03 4.903299999999999841e+02 6.210199999999999818e+02 -1.097000000000000064e+01 -7.256999999999999318e+01
-4.847999999999999687e+01 4.360999999999999943e+01 0.000000000000000000e+00 -1.715300000000000011e+02 -1.600000000000000000e+01 -1.470460000000000036e+03 4.467599999999999909e+02 6.651299999999999955e+02 -2.331999999999999886e+02 1.865800000000000125e+02
2.479099999999999966e+02 1.633300000000000125e+02 0.000000000000000000e+00 -1.567199999999999989e+02 3.500999999999999801e+01 -4.252799999999999727e+02 -1.014710000000000036e+03 -1.297089999999999918e+03 1.644799999999999898e+02 3.691700000000000159e+02
7.041900000000000546e+02 3.631700000000000159e+02 0.000000000000000000e+00 1.139000000000000057e+01 3.985999999999999943e+01 -2.294590000000000146e+03 2.634900000000000091e+02 -1.586899999999999977e+02 3.272799999999999727e+02 5.191000000000000227e+02
2.305500000000000114e+02 -1.334999999999999964e+01 0.000000000000000000e+00 3.990600000000000023e+02 -4.263000000000000256e+01 1.328480000000000018e+03 7.202899999999999636e+02 9.013300000000000409e+02 -1.976800000000000068e+02 1.158869999999999891e+03
-6.117599999999999909e+02 4.138399999999999750e+02 0.000000000000000000e+00 -8.803000000000000114e+01 -3.488000000000000256e+01 3.081969999999999800e+03 -2.943899999999999864e+02 2.728500000000000227e+02 -3.235099999999999909e+02 1.587299999999999898e+02
-6.962400000000000091e+02 2.845699999999999932e+02 0.000000000000000000e+00 -3.332699999999999818e+02 2.891000000000000014e+01 -1.271700000000000045e+03 -1.614000000000000057e+02 4.307500000000000000e+02 1.191899999999999977e+02 4.884000000000000341e+01
3.019200000000000159e+02 3.181899999999999977e+02 0.000000000000000000e+00 1.827299999999999898e+02 -5.175999999999999801e+01 -8.205399999999999636e+02 1.152600000000000051e+02 -1.922500000000000000e+03 1.515200000000000102e+02 4.099000000000000199e+01
7.077400000000000091e+02 4.626399999999999864e+02 0.000000000000000000e+00 4.881000000000000227e+01 5.540000000000000036e+00 -1.291359999999999900e+03 -1.344099999999999966e+02 1.015399999999999977e+03 3.947599999999999909e+02 1.813990000000000009e+03
-2.357500000000000000e+02 4.554399999999999977e+02 0.000000000000000000e+00 2.636499999999999773e+02 1.302999999999999936e+01 3.444800000000000182e+02 1.510999999999999943e+02 5.823500000000000227e+02 -3.454499999999999886e+02 -1.522100000000000080e+02
6.314000000000000057e+01 3.618700000000000045e+02 0.000000000000000000e+00 8.842000000000000171e+01 1.508999999999999986e+01 1.545230000000000018e+03 -3.192900000000000205e+02 -5.979099999999999682e+02 -3.001499999999999773e+02 4.478799999999999955e+02
-2.321500000000000057e+02 4.559200000000000159e+02 0.000000000000000000e+00 -5.508200000000000500e+02 3.749000000000000199e+01 2.981600000000000250e+02 2.148400000000000034e+02 1.042699999999999960e+02 2.932900000000000205e+02 9.355499999999999545e+02
8.070999999999999375e+01 4.300899999999999750e+02 0.000000000000000000e+00 -2.505999999999999872e+01 -4.303000000000000114e+01 -7.692000000000000455e+02 1.791699999999999875e+02 5.453999999999999773e+02 -7.554999999999999716e+01 -3.732999999999999829e+01
-5.879400000000000546e+02 2.661100000000000136e+02 0.000000000000000000e+00 2.394600000000000080e+02 -1.147000000000000064e+01 -6.523999999999999773e+02 -2.613899999999999864e+02 -9.865499999999999545e+02 5.603999999999999915e+01 4.660600000000000023e+02
3.215199999999999818e+02 3.439499999999999886e+02 0.000000000000000000e+00 3.561000000000000227e+02 9.470000000000000639e+00 8.900000000000000133e-01 2.737000000000000099e+01 2.064799999999999898e+02 -1.948100000000000023e+02 1.938300000000000125e+02
7.504800000000000182e+02 2.283499999999999943e+02 0.000000000000000000e+00 -1.409399999999999977e+02 3.330000000000000071e+00 1.748499999999999943e+02 4.301499999999999773e+02 4.285500000000000114e+02 8.440000000000000568e+01 3.132799999999999727e+02
-1.867299999999999898e+02 2.836100000000000136e+02 0.000000000000000000e+00 -4.532699999999999818e+02 3.881000000000000227e+01 1.770500000000000114e+02 -2.832900000000000205e+02 -1.935999999999999943e+02 -4.922999999999999687e+01 -3.000000000000000000e+01
-9.471100000000000136e+02 1.424199999999999875e+02 0.000000000000000000e+00 -1.251599999999999966e+02 -3.467999999999999972e+01 3.404179999999999836e+03 3.010699999999999932e+02 6.404000000000000625e+01 2.856499999999999773e+02 -1.071800000000000068e+02
1.097199999999999989e+02 1.028400000000000034e+02 0.000000000000000000e+00 2.735899999999999750e+02 -7.059999999999999609e+00 -2.926750000000000000e+03 9.548999999999999488e+01 2.066000000000000014e+01 -3.144599999999999795e+02 -6.328099999999999454e+02
4.358600000000000136e+02 -7.532999999999999829e+01 0.000000000000000000e+00 2.481200000000000045e+02 -1.428999999999999915e+01 -3.187320000000000164e+03 3.490999999999999659e+01 1.368899999999999864e+02 -1.082800000000000011e+02 3.335500000000000114e+02
6.711200000000000045e+02 -1.897299999999999898e+02 0.000000000000000000e+00 3.534300000000000068e+02 -7.299999999999999822e-01 2.399989999999999782e+03 -4.160299999999999727e+02 1.336200000000000045e+02 5.224900000000000091e+02 1.268900000000000006e+02
-5.503899999999999864e+02 -1.504300000000000068e+02 0.000000000000000000e+00 -5.102799999999999727e+02 4.563000000000000256e+01 1.734599999999999909e+03 -2.237100000000000080e+02 -1.025980000000000018e+03 -1.469499999999999886e+02 -2.168600000000000136e+02
-8.354500000000000455e+02 -1.021500000000000057e+02 0.000000000000000000e+00 -5.829400000000000546e+02 -1.817999999999999972e+01 3.518899999999999864e+02 4.421700000000000159e+02 7.893600000000000136e+02 1.010400000000000063e+02 -2.583000000000000114e+02
2.200200000000000102e+02 -3.196999999999999886e+02 0.000000000000000000e+00 7.629700000000000273e+02 3.875000000000000000e+01 -1.494609999999999900e+03 2.267500000000000000e+02 1.832999999999999829e+01 -1.959900000000000091e+02 -8.120700000000000500e+02
1.014990000000000009e+03 -3.248500000000000227e+02 0.000000000000000000e+00 4.478199999999999932e+02 2.217999999999999972e+01 -2.900900000000000091e+03 -3.195600000000000023e+02 4.402500000000000000e+02 -3.969499999999999886e+02 -4.393600000000000136e+02
2.371599999999999966e+02 -4.692699999999999818e+02 0.000000000000000000e+00 -4.526600000000000250e+02 -4.453000000000000114e+01 3.727619999999999891e+03 -7.867599999999999909e+02 -5.083299999999999841e+02 2.872500000000000000e+02 3.914599999999999795e+02
-9.850399999999999636e+02 -5.537599999999999909e+02 0.000000000000000000e+00 -5.449500000000000455e+02 -6.704000000000000625e+01 1.240200000000000045e+03 1.104789999999999964e+03 -6.917799999999999727e+02 1.555500000000000114e+02 1.083700000000000045e+02
-2.585600000000000023e+02 -4.622300000000000182e+02 0.000000000000000000e+00 2.560199999999999818e+02 1.513000000000000078e+01 -2.117179999999999836e+03 7.312899999999999636e+02 -1.825000000000000000e+01 1.193400000000000034e+02 -7.180099999999999909e+02
2.119600000000000080e+02 -2.269699999999999989e+02 0.000000000000000000e+00 5.532799999999999727e+02 8.428000000000000114e+01 2.608600000000000136e+02 -1.158329999999999927e+03 1.680779999999999973e+03 -2.263300000000000125e+02 -8.145299999999999727e+02
4.115500000000000114e+02 -3.905600000000000023e+02 0.000000000000000000e+00 -2.815099999999999909e+02 2.750000000000000000e+00 -9.507799999999999727e+02 1.350000000000000000e+01 -4.135899999999999750e+02 -2.235699999999999932e+02 -2.353999999999999915e+01
9.470000000000000639e+00 -5.302300000000000182e+02 0.000000000000000000e+00 -2.027500000000000000e+02 1.864999999999999858e+01 -1.165690000000000055e+03 -3.618999999999999773e+01 -1.094940000000000055e+03 7.712000000000000455e+01 -3.124399999999999977e+02
3.119000000000000128e+01 -3.344700000000000273e+02 0.000000000000000000e+00 -1.752199999999999989e+02 -9.723999999999999488e+01 2.598599999999999909e+03 3.198000000000000114e+02 -2.357400000000000091e+02 3.182500000000000000e+02 -1.603999999999999915e+01
-2.490300000000000011e+02 -4.465199999999999818e+02 0.000000000000000000e+00 2.071800000000000068e+02 2.789000000000000057e+01 1.661769999999999982e+03 1.372599999999999909e+02 3.567699999999999818e+02 -1.780000000000000071e+01 -7.452500000000000000e+02
-4.903299999999999841e+02 -1.286500000000000057e+02 0.000000000000000000e+00 5.642300000000000182e+02 2.121999999999999886e+01 -3.226519999999999982e+03 -9.628000000000000114e+01 2.869100000000000250e+02 -3.564100000000000250e+02 -8.712999999999999545e+02
5.250700000000000500e+02 2.164999999999999858e+01 0.000000000000000000e+00 -2.510999999999999943e+02 5.403000000000000114e+01 -1.634880000000000109e+03 -7.005800000000000409e+02 5.353400000000000318e+02 1.866299999999999955e+02 2.157899999999999920e+02
2.037100000000000080e+02 -2.799599999999999795e+02 0.000000000000000000e+00 -1.656899999999999977e+02 4.839999999999999858e+00 3.065940000000000055e+03 1.118900000000000006e+02 1.421899999999999977e+02 7.882999999999999829e+01 7.609000000000000341e+01
-3.379999999999999716e+01 -1.125000000000000000e+02 0.000000000000000000e+00 3.720000000000000195e+00 5.480000000000000426e+00 2.483199999999999932e+02 8.278500000000000227e+02 -9.657400000000000091e+02 1.361999999999999886e+02 -5.083899999999999864e+02
-5.078000000000000114e+01 -3.112599999999999909e+02 0.000000000000000000e+00 2.401200000000000045e+02 -1.055999999999999943e+02 -8.451900000000000546e+02 4.149800000000000182e+02 4.947999999999999687e+01 -1.984099999999999966e+02 -4.774700000000000273e+02
-2.690000000000000000e+02 -3.995000000000000284e+01 0.000000000000000000e+00 -2.399300000000000068e+02 -4.354999999999999716e+01 -8.717400000000000091e+02 -1.024589999999999918e+03 -4.438899999999999864e+02 -1.584099999999999966e+02 -6.498700000000000045e+02
7.700000000000000178e-01 1.418100000000000023e+02 0.000000000000000000e+00 -1.136899999999999977e+02 1.137600000000000051e+02 -2.633999999999999773e+02 -2.444300000000000068e+02 1.259390000000000100e+03 4.045600000000000023e+02 1.900000000000000022e-01
5.365800000000000409e+02 -1.001099999999999994e+02 0.000000000000000000e+00 5.478099999999999454e+02 2.478999999999999915e+01 1.165920000000000073e+03 3.803500000000000227e+02 -1.178199999999999932e+02 -1.997199999999999989e+02 -8.331999999999999318e+01
-1.300300000000000011e+02 -4.925999999999999801e+01 0.000000000000000000e+00 -3.807300000000000182e+02 -3.669999999999999929e+00 1.601569999999999936e+03 1.785600000000000023e+02 -5.899299999999999500e+02 3.540000000000000036e+00 -3.404999999999999716e+01
-4.002400000000000091e+02 4.497999999999999687e+01 0.000000000000000000e+00 -1.439000000000000057e+01 -3.850000000000000000e+01 -2.170619999999999891e+03 5.942699999999999818e+02 -5.288999999999999773e+02 -3.126000000000000156e+01 -6.120000000000000284e+01
9.195000000000000284e+01 -9.595000000000000284e+01 0.000000000000000000e+00 3.569499999999999886e+02 -2.235999999999999943e+01 -7.706699999999999591e+02 -4.833100000000000023e+02 5.610499999999999545e+02 1.018900000000000006e+02 -5.154299999999999500e+02
-3.258899999999999864e+02 3.506000000000000227e+01 0.000000000000000000e+00 -2.796000000000000227e+02 -1.600000000000000000e+01 6.870700000000000500e+02 -1.303210000000000036e+03 -6.723999999999999488e+01 1.153799999999999955e+02 -1.808499999999999943e+02
3.485199999999999818e+02 -1.729999999999999982e+00 0.000000000000000000e+00 -1.090000000000000080e+00 7.387000000000000455e+01 2.266399999999999864e+02 7.355800000000000409e+02 2.624300000000000068e+02 -1.595500000000000114e+02 -8.490800000000000409e+02
6.842100000000000364e+02 -1.072500000000000000e+02 0.000000000000000000e+00 2.954300000000000068e+02 5.370000000000000107e+00 2.188730000000000018e+03 6.293600000000000136e+02 1.275630000000000109e+03 -1.185100000000000051e+02 5.993999999999999773e+02
-3.349200000000000159e+02 4.364999999999999858e+01 0.000000000000000000e+00 -1.808300000000000125e+02 -4.606000000000000227e+01 -1.173650000000000091e+03 -2.574700000000000273e+02 -1.744470000000000027e+03 3.646000000000000085e+01 3.089300000000000068e+02
-2.918500000000000227e+02 -1.771699999999999875e+02 0.000000000000000000e+00 -2.779800000000000182e+02 -2.979999999999999982e+00 -4.111399999999999636e+03 1.580000000000000071e+00 -8.607999999999999829e+01 -2.073000000000000043e+01 -6.168600000000000136e+02
-4.453399999999999750e+02 1.208199999999999932e+02 0.000000000000000000e+00 2.343100000000000023e+02 5.019999999999999574e+00 2.555289999999999964e+03 -2.863500000000000227e+02 -1.363100000000000023e+02 3.132900000000000205e+02 -2.408000000000000114e+02
3.614700000000000273e+02 3.460999999999999943e+01 0.000000000000000000e+00 1.030000000000000071e+01 4.632999999999999829e+01 2.565889999999999873e+03 1.679600000000000080e+02 8.189099999999999682e+02 -6.987000000000000455e+01 -3.625299999999999727e+02
2.251500000000000057e+02 -8.040999999999999659e+01 0.000000000000000000e+00 1.775500000000000114e+02 2.821999999999999886e+01 -1.629980000000000018e+03 -1.334199999999999875e+02 1.403339999999999918e+03 -2.898799999999999955e+02 -9.810000000000000497e+00
1.419999999999999929e+01 -1.506999999999999886e+02 0.000000000000000000e+00 -1.031899999999999977e+02 -4.857999999999999829e+01 -1.951200000000000045e+02 1.176899999999999977e+02 -1.878660000000000082e+03 -1.258499999999999943e+02 2.119000000000000057e+02
-1.190900000000000034e+02 -1.905500000000000114e+02 0.000000000000000000e+00 -3.323899999999999864e+02 -6.138000000000000256e+01 -8.064299999999999500e+02 5.442999999999999972e+01 -1.498250000000000000e+03 1.955699999999999932e+02 -1.198299999999999983e+02
-1.963199999999999932e+02 -5.269999999999999574e+00 0.000000000000000000e+00 2.273100000000000023e+02 5.804999999999999716e+01 -6.680700000000000500e+02 1.863600000000000136e+02 1.497519999999999982e+03 1.923000000000000114e+02 -2.349499999999999886e+02
-1.579799999999999898e+02 1.287299999999999898e+02 0.000000000000000000e+00 1.469900000000000091e+02 -4.839999999999999858e+00 2.268949999999999818e+03 -7.785999999999999943e+01 3.003700000000000045e+02 4.365999999999999659e+01 -4.467599999999999909e+02
2.079799999999999898e+02 -9.807999999999999829e+01 0.000000000000000000e+00 -5.720000000000000284e+01 4.446000000000000085e+01 -6.886900000000000546e+02 -4.265899999999999750e+02 8.705299999999999727e+02 -2.257599999999999909e+02 1.000000000000000021e-02
2.828999999999999915e+01 -1.733700000000000045e+02 0.000000000000000000e+00 -2.305000000000000071e+01 2.307000000000000028e+01 4.683199999999999932e+02 1.709600000000000080e+02 -1.057500000000000000e+02 -1.366000000000000014e+01 -3.000400000000000205e+02
6.510000000000000000e+02 -9.645999999999999375e+01 0.000000000000000000e+00 1.509699999999999989e+02 -1.031299999999999955e+02 -1.134099999999999909e+03 8.373300000000000409e+02 -1.408509999999999991e+03 7.764000000000000057e+01 3.716200000000000045e+02
2.053000000000000114e+02 -8.729999999999999716e+01 0.000000000000000000e+00 -2.154699999999999989e+02 2.951999999999999957e+01 -9.213400000000000318e+02 -2.979800000000000182e+02 -5.606000000000000227e+01 1.421100000000000136e+02 -2.202400000000000091e+02
-1.212640000000000100e+03 6.620000000000000107e+00 0.000000000000000000e+00 7.743999999999999773e+01 5.906000000000000227e+01 2.179849999999999909e+03 -3.042500000000000000e+02 8.463700000000000045e+02 -7.640000000000000568e+01 -7.822799999999999727e+02
-5.137200000000000273e+02 -2.566000000000000014e+01 0.000000000000000000e+00 1.910999999999999943e+02 -2.426000000000000156e+01 -1.402359999999999900e+03 -5.960199999999999818e+02 1.828400000000000034e+02 -2.356599999999999966e+02 2.136500000000000057e+02
8.176100000000000136e+02 -3.021899999999999977e+02 0.000000000000000000e+00 -3.014499999999999886e+02 -2.471999999999999886e+01 -4.642400000000000091e+02 4.143299999999999841e+02 5.989000000000000057e+01 2.957799999999999727e+02 3.664800000000000182e+02
7.436299999999999955e+02 7.867000000000000171e+01 0.000000000000000000e+00 5.292999999999999972e+01 -4.719999999999999751e+00 2.528489999999999782e+03 7.394600000000000364e+02 -1.362990000000000009e+03 -7.909000000000000341e+01 -2.498300000000000125e+02
-5.889999999999999680e+00 9.209000000000000341e+01 0.000000000000000000e+00 2.523300000000000125e+02 -1.676999999999999957e+01 -1.233309999999999945e+03 2.110300000000000011e+02 1.586769999999999982e+03 1.553199999999999932e+02 -4.687900000000000205e+02
-1.061099999999999909e+03 -6.832999999999999829e+01 0.000000000000000000e+00 -1.233400000000000034e+02 4.532000000000000028e+01 -6.113899999999999864e+02 -7.736799999999999500e+02 -1.231200000000000045e+02 -5.089999999999999858e+01 -1.167699999999999960e+02
-3.964300000000000068e+02 -3.157000000000000028e+01 0.000000000000000000e+00 1.529900000000000091e+02 -2.155000000000000071e+01 -2.483969999999999800e+03 -9.053899999999999864e+02 -1.481109999999999900e+03 -2.504099999999999966e+02 -9.826000000000000512e+01
8.955900000000000318e+02 -9.334999999999999432e+01 0.000000000000000000e+00 -3.026999999999999957e+01 -3.299999999999999822e+00 2.239429999999999836e+03 6.640299999999999727e+02 1.029339999999999918e+03 -4.400000000000000355e+00 3.052099999999999795e+02
3.399700000000000273e+02 4.099000000000000199e+01 0.000000000000000000e+00 -4.120799999999999841e+02 -1.546000000000000085e+01 3.183019999999999982e+03 1.177099999999999909e+03 3.432500000000000000e+02 3.068799999999999955e+02 9.837000000000000455e+01
-2.255800000000000125e+02 4.034000000000000341e+01 0.000000000000000000e+00 3.091700000000000159e+02 -1.081000000000000050e+01 -2.194300000000000182e+03 -5.002400000000000091e+02 -6.041799999999999500e+02 -9.581999999999999318e+01 -8.704000000000000625e+01
-2.288000000000000114e+02 9.459000000000000341e+01 0.000000000000000000e+00 -4.327000000000000313e+01 5.897999999999999687e+01 -1.222880000000000109e+03 -3.229700000000000273e+02 7.339000000000000057e+01 -1.591899999999999977e+02 -3.816600000000000250e+02
-2.145000000000000000e+02 2.675000000000000000e+01 0.000000000000000000e+00 -1.901000000000000156e+01 1.341999999999999993e+01 -1.783269999999999982e+03 7.804000000000000625e+01 -2.897500000000000000e+02 3.439000000000000057e+01 6.375999999999999801e+01
2.135999999999999943e+01 -9.506000000000000227e+01 0.000000000000000000e+00 1.266599999999999966e+02 -4.881000000000000227e+01 1.281509999999999991e+03 2.219300000000000068e+02 4.883100000000000023e+02 5.532000000000000028e+01 6.678200000000000500e+02
3.639399999999999977e+02 -3.432000000000000028e+01 0.000000000000000000e+00 7.387999999999999545e+01 -2.164000000000000057e+01 3.991619999999999891e+03 -4.769200000000000159e+02 5.627799999999999727e+02 1.156700000000000017e+02 2.368100000000000023e+02
-9.093000000000000682e+01 5.275999999999999801e+01 0.000000000000000000e+00 -2.066299999999999955e+02 -2.842999999999999972e+01 -2.262030000000000200e+03 1.908000000000000114e+02 -9.805900000000000318e+02 1.262300000000000040e+02 -3.594300000000000068e+02
-1.783400000000000034e+02 9.342000000000000171e+01 0.000000000000000000e+00 2.764399999999999977e+02 7.815999999999999659e+01 -2.935559999999999945e+03 3.276499999999999773e+02 4.729999999999999716e+01 -3.324599999999999795e+02 -5.922799999999999727e+02
5.751100000000000136e+02 1.146200000000000045e+02 0.000000000000000000e+00 -1.213499999999999943e+02 3.971999999999999886e+01 9.887200000000000273e+02 2.438600000000000136e+02 2.793299999999999841e+02 8.643999999999999773e+01 2.317599999999999909e+02
-7.738099999999999454e+02 -7.876999999999999602e+01 0.000000000000000000e+00 -1.328100000000000023e+02 -4.128999999999999915e+01 1.747960000000000036e+03 -6.251699999999999591e+02 7.678000000000000114e+01 -4.545000000000000284e+01 1.115640000000000100e+03
-2.905299999999999727e+02 -1.490000000000000036e+01 0.000000000000000000e+00 -1.372400000000000091e+02 -4.275000000000000000e+01 2.567699999999999818e+02 -2.693700000000000045e+02 9.615099999999999909e+02 1.970800000000000125e+02 -4.011999999999999744e+01
1.538199999999999932e+02 5.947999999999999687e+01 0.000000000000000000e+00 4.197799999999999727e+02 -4.025999999999999801e+01 -1.034990000000000009e+03 3.236499999999999773e+02 -1.278369999999999891e+03 1.486800000000000068e+02 -2.660299999999999727e+02
9.865199999999999818e+02 4.974000000000000199e+01 0.000000000000000000e+00 1.513700000000000045e+02 4.310999999999999943e+01 3.852000000000000313e+01 1.487400000000000091e+02 -5.442000000000000171e+01 -1.849300000000000068e+02 -4.023199999999999932e+02
2.631600000000000250e+02 1.201400000000000006e+02 0.000000000000000000e+00 -3.548700000000000045e+02 2.907999999999999829e+01 6.001299999999999955e+02 1.219999999999999973e+00 6.147999999999999545e+02 -2.583700000000000045e+02 1.420900000000000034e+02
-1.266910000000000082e+03 -1.037199999999999989e+02 0.000000000000000000e+00 -2.245500000000000114e+02 -2.330000000000000071e+00 -8.326299999999999955e+02 -3.558000000000000114e+02 -8.076999999999999602e+01 2.490200000000000102e+02 7.618300000000000409e+02
-2.639700000000000273e+02 2.628000000000000114e+01 0.000000000000000000e+00 1.943700000000000045e+02 -7.169999999999999929e+00 -6.889000000000000057e+01 3.173999999999999844e+01 -4.735600000000000023e+02 -3.213299999999999841e+02 6.287200000000000273e+02
4.308600000000000136e+02 1.192800000000000011e+02 0.000000000000000000e+00 1.231599999999999966e+02 -2.832999999999999829e+01 1.090440000000000055e+03 7.856499999999999773e+02 1.248299999999999983e+02 5.374299999999999500e+02 -1.573100000000000023e+02
5.555499999999999545e+02 6.456000000000000227e+01 0.000000000000000000e+00 -5.935999999999999943e+01 -6.150000000000000355e+00 -1.672589999999999918e+03 -5.547899999999999636e+02 5.077900000000000205e+02 -1.539300000000000068e+02 -1.049000000000000057e+02
1.953700000000000045e+02 2.279999999999999805e+00 0.000000000000000000e+00 -4.349000000000000199e+01 4.954999999999999716e+01 1.728170000000000073e+03 1.413700000000000045e+02 -2.409399999999999977e+02 -3.256299999999999955e+02 -2.741000000000000014e+01
-6.890900000000000318e+02 -3.021000000000000085e+01 0.000000000000000000e+00 1.394799999999999898e+02 6.719999999999999751e+00 -6.469199999999999591e+02 5.674000000000000199e+01 -6.045399999999999636e+02 7.840000000000000568e+01 9.352699999999999818e+02
-3.765899999999999750e+02 3.171000000000000085e+01 0.000000000000000000e+00 -8.354999999999999716e+01 -1.427999999999999936e+01 -2.007529999999999973e+03 -3.808399999999999750e+02 -4.550600000000000023e+02 2.958000000000000114e+02 4.551299999999999955e+02
1.069099999999999966e+02 6.150999999999999801e+01 0.000000000000000000e+00 -2.692000000000000171e+01 -2.269999999999999929e+01 2.223369999999999891e+03 8.093899999999999864e+02 1.329240000000000009e+03 -2.775899999999999750e+02 -9.270999999999999375e+01
5.778999999999999773e+02 7.951999999999999602e+01 0.000000000000000000e+00 -2.282000000000000028e+01 -7.839999999999999858e+00 -8.403099999999999454e+02 1.395300000000000011e+02 2.001100000000000136e+02 1.574199999999999875e+02 -1.173799999999999955e+02
6.307400000000000091e+02 -5.496000000000000085e+01 0.000000000000000000e+00 4.164999999999999858e+01 4.450000000000000178e+00 2.052789999999999964e+03 -6.326900000000000546e+02 -1.672899999999999920e+02 -2.350200000000000102e+02 7.452000000000000455e+02
-4.158799999999999955e+02 -2.598000000000000043e+01 0.000000000000000000e+00 9.218999999999999773e+01 4.629999999999999716e+01 -3.197000000000000000e+03 -3.788600000000000136e+02 -8.319199999999999591e+02 3.712400000000000091e+02 8.151000000000000512e+01
-1.076970000000000027e+03 7.040000000000000568e+01 0.000000000000000000e+00 2.826000000000000156e+01 -1.325000000000000000e+01 1.655230000000000018e+03 3.639700000000000273e+02 3.852200000000000273e+02 -2.897900000000000205e+02 2.074300000000000068e+02
5.510499999999999545e+02 7.080000000000000071e+00 0.000000000000000000e+00 -1.826999999999999957e+01 -3.023000000000000043e+01 -1.215829999999999927e+03 1.561599999999999966e+02 3.689200000000000159e+02 2.370699999999999932e+02 9.575000000000000000e+01
2.621100000000000136e+02 1.141800000000000068e+02 0.000000000000000000e+00 -1.868700000000000045e+02 -4.240000000000000213e+00 1.351809999999999945e+03 1.751000000000000156e+01 -9.352100000000000364e+02 -1.478499999999999943e+02 1.894999999999999929e+01
1.605000000000000000e+02 1.043299999999999983e+02 0.000000000000000000e+00 -4.928000000000000114e+01 3.963000000000000256e+01 -1.156899999999999977e+02 6.730099999999999909e+02 1.125900000000000034e+02 6.307000000000000028e+01 5.961999999999999744e+01
-2.076699999999999875e+02 -1.889999999999999902e+00 0.000000000000000000e+00 3.438000000000000114e+02 1.544999999999999929e+01 -2.200099999999999909e+02 -6.021499999999999773e+02 8.848300000000000409e+02 9.380000000000000782e+00 2.458400000000000034e+02
-1.755800000000000125e+02 -1.851000000000000156e+01 0.000000000000000000e+00 -8.259999999999999787e+00 -2.994999999999999929e+01 -4.908999999999999773e+02 -7.544800000000000182e+02 1.549499999999999886e+02 3.257000000000000028e+01 1.340300000000000011e+02
-2.703500000000000227e+02 7.378000000000000114e+01 0.000000000000000000e+00 -3.087099999999999795e+02 -4.500000000000000111e-01 -6.367999999999999972e+01 5.752000000000000313e+01 -9.017000000000000455e+02 1.223000000000000043e+01 -1.992199999999999989e+02
3.538899999999999864e+02 1.401299999999999955e+02 0.000000000000000000e+00 -1.446899999999999977e+02 -2.596000000000000085e+01 1.254170000000000073e+03 9.582799999999999727e+02 -2.402700000000000102e+02 -1.977800000000000011e+02 1.069800000000000040e+02
5.341900000000000546e+02 5.313000000000000256e+01 0.000000000000000000e+00 2.274499999999999886e+02 1.531000000000000050e+01 -4.416000000000000227e+02 5.186799999999999500e+02 1.592800000000000011e+02 -2.205099999999999909e+02 -3.364999999999999858e+01
-4.420500000000000114e+02 5.870000000000000284e+01 0.000000000000000000e+00 1.398199999999999932e+02 1.175999999999999979e+01 6.537400000000000091e+02 -2.823700000000000045e+02 4.635799999999999841e+02 3.142699999999999818e+02 -1.564000000000000057e+02
-3.835899999999999750e+02 4.110999999999999943e+01 0.000000000000000000e+00 1.060000000000000053e+00 5.889999999999999680e+00 -3.396829999999999927e+03 -7.516200000000000045e+02 2.078600000000000136e+02 -1.728999999999999915e+01 6.476799999999999500e+02
-2.512599999999999909e+02 1.705000000000000000e+02 0.000000000000000000e+00 -1.685999999999999943e+02 -9.100000000000000311e-01 1.916450000000000045e+03 -2.088600000000000136e+02 4.307000000000000028e+01 3.121800000000000068e+02 -2.032400000000000091e+02
5.628099999999999454e+02 -1.787000000000000099e+01 0.000000000000000000e+00 -4.457999999999999829e+01 1.117999999999999972e+01 1.882680000000000064e+03 8.901399999999999864e+02 -6.538799999999999955e+02 -1.648899999999999864e+02 -6.282100000000000364e+02
8.722400000000000091e+02 3.445000000000000284e+01 0.000000000000000000e+00 5.989000000000000057e+01 -9.720000000000000639e+00 -1.714199999999999875e+02 -2.992500000000000000e+02 -8.444199999999999591e+02 -3.493600000000000136e+02 1.395900000000000034e+02
-4.858000000000000114e+02 -8.492000000000000171e+01 0.000000000000000000e+00 2.179799999999999898e+02 -2.057000000000000028e+01 -2.324699999999999818e+03 3.721000000000000227e+02 2.002599999999999909e+02 3.285000000000000000e+02 2.916399999999999864e+02
-1.252559999999999945e+03 1.723199999999999932e+02 0.000000000000000000e+00 8.869999999999999218e+00 3.459999999999999964e+00 -4.016299999999999955e+02 -6.662100000000000364e+02 1.522789999999999964e+03 -1.667500000000000000e+02 1.537100000000000080e+02
3.871700000000000159e+02 -3.350000000000000089e+00 0.000000000000000000e+00 -2.751800000000000068e+02 4.435999999999999943e+01 7.971299999999999955e+02 -4.446700000000000159e+02 8.772899999999999636e+02 2.465399999999999920e+02 -2.309000000000000057e+02
1.002070000000000050e+03 -7.823999999999999488e+01 0.000000000000000000e+00 6.629999999999999893e+00 -1.996999999999999886e+01 1.540500000000000000e+03 3.410000000000000000e+02 -1.573769999999999982e+03 2.601999999999999957e+01 -4.033600000000000136e+02
4.086100000000000136e+02 7.600000000000000089e-01 0.000000000000000000e+00 2.035500000000000114e+02 -2.610000000000000142e+01 2.696100000000000136e+02 6.923899999999999864e+02 -7.383700000000000045e+02 -1.836299999999999955e+02 -5.957999999999999829e+01
-1.059589999999999918e+03 -8.756999999999999318e+01 0.000000000000000000e+00 -1.203799999999999955e+02 -2.435999999999999943e+01 -7.939600000000000364e+02 -6.295000000000000284e+01 5.176299999999999955e+02 -7.020000000000000284e+01 3.710299999999999727e+02
-8.314299999999999500e+02 -2.214999999999999858e+01 0.000000000000000000e+00 1.167000000000000028e+02 2.726999999999999957e+01 -2.852619999999999891e+03 -3.556399999999999864e+02 -1.079200000000000017e+02 1.108599999999999994e+02 1.944799999999999898e+02
4.653500000000000227e+02 -9.192000000000000171e+01 0.000000000000000000e+00 -1.069099999999999966e+02 1.757999999999999829e+01 1.163559999999999945e+03 1.269699999999999989e+02 8.435199999999999818e+02 -1.048299999999999983e+02 -8.829099999999999682e+02
1.012299999999999955e+03 -1.648000000000000114e+02 0.000000000000000000e+00 -1.374900000000000091e+02 9.000000000000000000e+00 2.306349999999999909e+03 9.754999999999999716e+01 2.399600000000000080e+02 6.810999999999999943e+01 -1.440600000000000023e+02
1.662199999999999989e+02 2.598999999999999844e+01 0.000000000000000000e+00 1.393300000000000125e+02 -6.931000000000000227e+01 5.465099999999999909e+02 -4.620000000000000107e+00 -1.584369999999999891e+03 2.277100000000000080e+02 -1.392999999999999972e+01
-6.578700000000000045e+02 -2.059399999999999977e+02 0.000000000000000000e+00 6.384000000000000341e+01 6.070000000000000284e+01 -1.638099999999999909e+03 -1.088000000000000078e+01 2.925500000000000114e+02 -2.501000000000000156e+01 1.084500000000000028e+02
-2.246999999999999886e+02 -1.631200000000000045e+02 0.000000000000000000e+00 1.883899999999999864e+02 1.633999999999999986e+01 -3.181760000000000218e+03 -2.785999999999999943e+01 7.542400000000000091e+02 -2.230000000000000000e+02 -1.015100000000000051e+02
-1.168900000000000006e+02 -2.845699999999999932e+02 0.000000000000000000e+00 -1.466999999999999886e+02 -6.646999999999999886e+01 2.125260000000000218e+03 -4.618500000000000227e+02 -5.193999999999999773e+01 -4.953000000000000114e+01 -4.308999999999999773e+02
2.214199999999999875e+02 -2.183899999999999864e+02 0.000000000000000000e+00 3.453000000000000114e+01 -5.519999999999999574e+00 3.187420000000000073e+03 6.944299999999999500e+02 1.941000000000000014e+01 2.715500000000000114e+02 -7.101399999999999864e+02
5.729600000000000364e+02 -1.590000000000000000e+02 0.000000000000000000e+00 -1.868199999999999932e+02 -2.210999999999999943e+01 -2.434030000000000200e+03 -1.217199999999999989e+02 -7.229999999999999716e+01 -3.935699999999999932e+02 9.268999999999999773e+01
-6.551999999999999602e+01 -2.377599999999999909e+02 0.000000000000000000e+00 -9.184000000000000341e+01 5.439000000000000057e+01 -8.113999999999999773e+02 -3.877200000000000273e+02 6.991200000000000045e+02 7.262999999999999545e+02 -3.252000000000000313e+01
-6.193099999999999454e+02 -2.203300000000000125e+02 0.000000000000000000e+00 6.628000000000000114e+01 1.510000000000000009e+00 1.498250000000000000e+03 4.034700000000000273e+02 -8.288600000000000136e+02 -6.025700000000000500e+02 -5.256699999999999591e+02
-5.185299999999999727e+02 -3.332500000000000000e+02 0.000000000000000000e+00 4.683100000000000023e+02 3.000000000000000000e+00 9.696999999999999886e+01 -3.369700000000000273e+02 -1.108299999999999983e+02 -4.897999999999999687e+01 -3.528299999999999841e+02
6.685399999999999636e+02 -2.385500000000000114e+02 0.000000000000000000e+00 -7.703000000000000114e+01 -5.296999999999999886e+01 -2.621269999999999982e+03 -3.542000000000000171e+01 -5.962400000000000091e+02 2.393899999999999864e+02 -8.566599999999999682e+02
7.108899999999999864e+02 -2.650000000000000000e+02 0.000000000000000000e+00 -5.737100000000000364e+02 -4.700000000000000000e+01 2.382179999999999836e+03 2.894900000000000091e+02 5.880099999999999909e+02 2.851899999999999977e+02 6.992000000000000171e+01
-4.826700000000000159e+02 -7.450000000000000000e+01 0.000000000000000000e+00 -1.158000000000000007e+01 7.478000000000000114e+01 1.039480000000000018e+03 -1.238199999999999932e+02 -1.285500000000000114e+02 -1.232099999999999937e+02 -5.205199999999999818e+02
-1.952400000000000091e+02 -9.162999999999999545e+01 0.000000000000000000e+00 7.929500000000000455e+02 5.010000000000000142e+01 -2.015420000000000073e+03 -1.097900000000000063e+02 1.220119999999999891e+03 -5.098899999999999864e+02 -3.851700000000000159e+02
-4.628100000000000023e+02 -1.610399999999999920e+02 0.000000000000000000e+00 -2.549300000000000068e+02 -1.366000000000000014e+01 5.583099999999999454e+02 4.994800000000000182e+02 -8.485099999999999909e+02 2.351399999999999864e+02 3.096800000000000068e+02
3.626299999999999955e+02 -3.905799999999999841e+02 0.000000000000000000e+00 -6.053200000000000500e+02 -8.107999999999999829e+01 -8.661200000000000045e+02 -1.442299999999999898e+02 -9.435999999999999943e+01 3.555299999999999727e+02 -5.393999999999999773e+02
6.414800000000000182e+02 1.319199999999999875e+02 0.000000000000000000e+00 1.273299999999999983e+02 -3.128999999999999915e+01 8.675700000000000500e+02 -1.605399999999999920e+02 1.905699999999999932e+02 -1.970800000000000125e+02 -8.422899999999999636e+02
-2.780899999999999750e+02 -2.775500000000000114e+02 0.000000000000000000e+00 5.131000000000000227e+02 5.582999999999999829e+01 -3.713500000000000227e+02 -1.574300000000000068e+02 -1.171940000000000055e+03 -6.748000000000000398e+01 -9.170499999999999545e+02
-3.460299999999999727e+02 -7.614000000000000057e+01 0.000000000000000000e+00 -4.721000000000000085e+01 1.406000000000000050e+01 3.447599999999999909e+02 4.024599999999999795e+02 9.451499999999999773e+02 -1.541200000000000045e+02 5.588200000000000500e+02
-4.558799999999999955e+02 -1.346699999999999875e+02 0.000000000000000000e+00 -2.563999999999999773e+02 -6.219999999999999751e+00 3.961200000000000045e+02 2.473799999999999955e+02 9.844400000000000546e+02 1.329499999999999886e+02 4.332300000000000182e+02
-1.039800000000000040e+02 -9.000000000000000000e+00 0.000000000000000000e+00 -1.233499999999999943e+02 -2.266000000000000014e+01 -1.393450000000000045e+03 -1.538799999999999955e+02 -6.212100000000000364e+02 -5.964999999999999858e+01 -1.532700000000000102e+02
1.025519999999999982e+03 3.757999999999999829e+01 0.000000000000000000e+00 4.827000000000000313e+01 1.409999999999999920e+00 -1.004599999999999937e+02 -5.486100000000000136e+02 -1.042750000000000000e+03 4.648799999999999955e+02 -1.030619999999999891e+03
4.861700000000000159e+02 -4.878000000000000114e+01 0.000000000000000000e+00 1.822500000000000000e+02 1.503999999999999915e+01 1.494779999999999973e+03 3.409100000000000250e+02 5.006700000000000159e+02 -2.468899999999999864e+02 -8.506200000000000045e+02
-7.828999999999999773e+02 -1.047699999999999960e+02 0.000000000000000000e+00 2.434000000000000057e+02 -7.740000000000000213e+00 7.561499999999999773e+02 3.552699999999999818e+02 9.681999999999999318e+01 3.360999999999999943e+01 1.660500000000000114e+02
-7.332400000000000091e+02 -3.795000000000000284e+01 0.000000000000000000e+00 -1.317400000000000091e+02 -2.162000000000000099e+01 -5.781100000000000136e+02 -4.937400000000000091e+02 8.914700000000000273e+02 -3.606100000000000136e+02 5.989700000000000273e+02
6.563600000000000136e+02 7.268000000000000682e+01 0.000000000000000000e+00 -3.673399999999999750e+02 1.612000000000000099e+01 -3.827719999999999800e+03 2.485500000000000114e+02 -4.085000000000000000e+02 1.453000000000000114e+02 1.600800000000000125e+02
2.995099999999999909e+02 5.200000000000000178e+00 0.000000000000000000e+00 -5.469999999999999751e+00 4.992999999999999972e+01 2.141400000000000091e+03 -5.780499999999999545e+02 -1.669720000000000027e+03 3.660600000000000023e+02 -3.584800000000000182e+02
-6.071000000000000085e+01 1.022099999999999937e+02 0.000000000000000000e+00 1.980999999999999872e+01 -7.956000000000000227e+01 2.827460000000000036e+03 9.795800000000000409e+02 1.300490000000000009e+03 -2.145300000000000011e+02 -2.191699999999999875e+02
-2.007100000000000080e+02 4.228999999999999915e+01 0.000000000000000000e+00 6.820000000000000000e+02 7.990000000000000213e+00 -1.687999999999999901e+01 4.257699999999999818e+02 1.336339999999999918e+03 -7.290000000000000036e+00 -4.637799999999999727e+02
-2.317700000000000102e+02 1.181899999999999977e+02 0.000000000000000000e+00 -1.779499999999999886e+02 3.670000000000000284e+01 -2.465139999999999873e+03 -8.065800000000000409e+02 -1.465750000000000000e+03 -2.573299999999999841e+02 -6.402300000000000182e+02
-1.610000000000000098e+00 7.501999999999999602e+01 0.000000000000000000e+00 -4.237099999999999795e+02 -4.540000000000000036e+00 -3.870300000000000182e+03 -3.633899999999999864e+02 1.490000000000000036e+01 2.050900000000000034e+02 4.658899999999999864e+02
5.374099999999999682e+02 1.193599999999999994e+02 0.000000000000000000e+00 7.971999999999999886e+01 -4.349999999999999645e+00 6.653880000000000109e+03 -3.458700000000000045e+02 -1.910399999999999920e+02 9.143000000000000682e+01 3.479999999999999716e+01
-2.266299999999999955e+02 1.441800000000000068e+02 0.000000000000000000e+00 5.192000000000000171e+01 -8.009999999999999787e+00 -1.326369999999999891e+03 1.807170000000000073e+03 -2.707400000000000091e+02 -2.662300000000000182e+02 -8.515900000000000318e+02
-1.724399999999999977e+02 8.673999999999999488e+01 0.000000000000000000e+00 1.612100000000000080e+02 1.719000000000000128e+01 -2.417400000000000091e+03 -7.670999999999999375e+01 6.900000000000000000e+02 3.320199999999999818e+02 -9.783899999999999864e+02
-2.228100000000000023e+02 2.107800000000000011e+02 0.000000000000000000e+00 -6.207000000000000028e+01 1.694999999999999929e+01 6.522899999999999636e+02 -9.057100000000000364e+02 8.838899999999999864e+02 -5.540000000000000036e+00 -6.052500000000000000e+02
6.376000000000000227e+02 5.828999999999999915e+01 0.000000000000000000e+00 1.384600000000000080e+02 1.243999999999999950e+01 1.207349999999999909e+03 -6.200099999999999909e+02 -9.510199999999999818e+02 6.979999999999999716e+01 -8.450000000000000000e+01
-2.680199999999999818e+02 2.514300000000000068e+02 0.000000000000000000e+00 -1.555600000000000023e+02 -3.260000000000000142e+01 -2.515900000000000034e+02 -7.715000000000000568e+01 -1.583600000000000136e+02 -2.934900000000000091e+02 -4.201200000000000045e+02
-3.334300000000000068e+02 6.809999999999999432e+01 0.000000000000000000e+00 -1.580500000000000114e+02 3.264999999999999858e+01 -1.000379999999999995e+03 1.491069999999999936e+03 -4.875799999999999841e+02 -3.042900000000000205e+02 -5.008899999999999864e+02
2.405300000000000011e+02 8.681999999999999318e+01 0.000000000000000000e+00 3.194900000000000091e+02 -4.652000000000000313e+01 2.052030000000000200e+03 1.989900000000000091e+02 6.256799999999999500e+02 4.977300000000000182e+02 -1.192900000000000091e+03
1.709499999999999886e+02 1.588799999999999955e+02 0.000000000000000000e+00 -1.573899999999999864e+02 1.510999999999999943e+01 -2.696280000000000200e+03 -8.718999999999999773e+02 6.961200000000000045e+02 2.989800000000000182e+02 -8.268899999999999864e+02
4.381000000000000227e+01 1.824199999999999875e+02 0.000000000000000000e+00 1.111200000000000045e+02 3.607000000000000028e+01 -1.003679999999999950e+03 -5.018299999999999841e+02 -1.126309999999999945e+03 -3.460500000000000114e+02 -1.067750000000000000e+03
-3.323299999999999841e+02 1.274300000000000068e+02 0.000000000000000000e+00 5.339999999999999858e+01 -1.455000000000000071e+01 4.341220000000000255e+03 -4.100899999999999750e+02 1.136099999999999909e+03 -2.873199999999999932e+02 -6.165499999999999545e+02
-1.680800000000000125e+02 -2.149999999999999911e+00 0.000000000000000000e+00 -4.065799999999999841e+02 -9.759999999999999787e+00 -5.178500000000000227e+02 1.072509999999999991e+03 -8.093700000000000045e+02 8.960000000000000853e+00 -3.261800000000000068e+02
2.157899999999999920e+02 1.333400000000000034e+02 0.000000000000000000e+00 2.314199999999999875e+02 -4.429999999999999716e+00 -2.010019999999999982e+03 7.078600000000000136e+02 -4.398999999999999773e+02 4.401000000000000227e+02 -1.378490000000000009e+03
2.201999999999999886e+02 6.293999999999999773e+01 0.000000000000000000e+00 3.306999999999999886e+02 -2.401000000000000156e+01 -2.297920000000000073e+03 -6.042400000000000091e+02 -6.403000000000000114e+01 -2.874800000000000182e+02 -7.277100000000000364e+02
-2.175399999999999920e+02 1.849000000000000057e+02 0.000000000000000000e+00 -1.994999999999999929e+01 9.980000000000000426e+00 3.483909999999999854e+03 -5.306399999999999864e+02 8.061000000000000227e+02 8.939000000000000057e+01 -1.097119999999999891e+03
-2.513400000000000034e+02 1.021200000000000045e+02 0.000000000000000000e+00 -5.152100000000000364e+02 4.135999999999999943e+01 1.631440000000000055e+03 3.675999999999999801e+01 4.181999999999999886e+02 1.976999999999999957e+01 -8.819199999999999591e+02
4.447599999999999909e+02 2.247199999999999989e+02 0.000000000000000000e+00 2.935400000000000205e+02 4.025999999999999801e+01 -3.896159999999999854e+03 3.028999999999999915e+01 7.964000000000000057e+01 -1.953700000000000045e+02 -7.875299999999999727e+02
1.441399999999999864e+02 4.185999999999999943e+01 0.000000000000000000e+00 4.821000000000000085e+01 -2.889000000000000057e+01 -2.589000000000000057e+01 5.294099999999999682e+02 -8.888700000000000045e+02 2.408499999999999943e+02 4.142999999999999972e+01
-2.269699999999999989e+02 9.242000000000000171e+01 0.000000000000000000e+00 1.473000000000000043e+01 -1.059000000000000057e+02 1.434599999999999909e+03 6.944800000000000182e+02 -6.321799999999999500e+02 -1.388799999999999955e+02 -1.143039999999999964e+03
-2.552700000000000102e+02 2.085500000000000114e+02 0.000000000000000000e+00 2.617000000000000171e+01 3.372999999999999687e+01 1.731440000000000055e+03 -8.035599999999999454e+02 1.410250000000000000e+03 8.480000000000000426e+00 -1.405200000000000045e+03
1.245900000000000034e+02 3.035000000000000000e+02 0.000000000000000000e+00 -2.278400000000000034e+02 6.182999999999999829e+01 -1.260359999999999900e+03 -1.035000000000000000e+03 -5.533200000000000500e+02 1.825000000000000000e+02 -1.322009999999999991e+03
1.334999999999999964e+01 2.043400000000000034e+02 0.000000000000000000e+00 1.195199999999999960e+02 2.826000000000000156e+01 -2.481599999999999909e+03 7.595900000000000318e+02 4.899999999999999911e-01 1.047999999999999972e+02 7.850000000000000000e+01
-7.481999999999999318e+01 9.859999999999999432e+01 0.000000000000000000e+00 3.210299999999999727e+02 -1.869000000000000128e+01 1.906950000000000045e+03 5.655299999999999727e+02 -2.958600000000000136e+02 -7.957999999999999829e+01 -4.104100000000000250e+02
5.682300000000000182e+02 2.666399999999999864e+02 0.000000000000000000e+00 -9.473000000000000398e+01 -5.029999999999999716e+01 3.886999999999999744e+01 -7.985099999999999909e+02 6.121200000000000045e+02 -4.328100000000000023e+02 -5.141000000000000227e+02
-1.470300000000000011e+02 7.303000000000000114e+01 0.000000000000000000e+00 -1.069599999999999937e+02 3.220000000000000195e+00 1.757650000000000091e+03 -5.456000000000000227e+01 -3.316000000000000227e+02 2.685099999999999909e+02 -1.962250000000000000e+03
-6.823999999999999773e+02 2.324900000000000091e+02 0.000000000000000000e+00 -2.609300000000000068e+02 -1.699999999999999956e+00 -5.137100000000000364e+02 -9.899999999999999911e-01 1.668000000000000114e+02 3.672500000000000000e+02 -8.427899999999999636e+02
-2.885899999999999750e+02 3.020400000000000205e+02 0.000000000000000000e+00 1.102000000000000028e+02 1.551999999999999957e+01 -2.728300000000000182e+03 4.948299999999999841e+02 -2.807500000000000000e+02 -3.785400000000000205e+02 3.205400000000000205e+02
5.613700000000000045e+02 1.188299999999999983e+02 0.000000000000000000e+00 4.482999999999999829e+01 1.207000000000000028e+01 -5.519199999999999591e+02 -2.879599999999999795e+02 8.109000000000000341e+01 -3.510400000000000205e+02 -7.664400000000000546e+02
7.254099999999999682e+02 1.014399999999999977e+02 0.000000000000000000e+00 5.570000000000000284e+00 -3.064000000000000057e+01 1.613069999999999936e+03 4.142200000000000273e+02 -6.427200000000000273e+02 2.891000000000000227e+02 -7.550900000000000318e+02
-3.606600000000000250e+02 1.237800000000000011e+02 0.000000000000000000e+00 1.851800000000000068e+02 -3.735999999999999943e+01 1.164230000000000018e+03 -6.282999999999999829e+01 1.379609999999999900e+03 1.481399999999999864e+02 -8.509800000000000182e+02
-4.899700000000000273e+02 3.199300000000000068e+02 0.000000000000000000e+00 -2.552400000000000091e+02 2.357999999999999829e+01 1.723509999999999991e+03 8.834999999999999432e+01 -8.173999999999999488e+01 2.800199999999999818e+02 -8.387799999999999727e+02
-1.087399999999999949e+02 1.929900000000000091e+02 0.000000000000000000e+00 1.540000000000000036e+00 7.728000000000000114e+01 -2.529800000000000182e+03 -6.028999999999999915e+01 -1.430289999999999964e+03 -2.569300000000000068e+02 -4.474399999999999977e+02
6.425000000000000000e+01 8.050000000000000000e+01 0.000000000000000000e+00 2.831200000000000045e+02 -2.039000000000000057e+01 -2.190349999999999909e+03 -2.290600000000000023e+02 7.585999999999999943e+01 -3.709399999999999977e+02 -3.367200000000000273e+02
3.602000000000000313e+01 8.406999999999999318e+01 0.000000000000000000e+00 -1.425000000000000000e+01 -9.376999999999999602e+01 1.030339999999999918e+03 1.014300000000000068e+02 1.109180000000000064e+03 2.157599999999999909e+02 -5.382999999999999545e+02
7.862799999999999727e+02 1.157399999999999949e+02 0.000000000000000000e+00 -2.191100000000000136e+02 1.925000000000000000e+01 7.752699999999999818e+02 -4.362799999999999727e+02 2.866800000000000068e+02 1.022300000000000040e+02 -9.462300000000000182e+02
-1.226800000000000068e+02 1.691100000000000136e+02 0.000000000000000000e+00 -9.019999999999999574e+00 2.373000000000000043e+01 2.574250000000000000e+03 5.877599999999999909e+02 -6.939900000000000091e+02 1.773899999999999864e+02 -7.835900000000000318e+02
-1.016740000000000009e+03 5.000000000000000000e-01 0.000000000000000000e+00 1.889199999999999875e+02 4.649000000000000199e+01 -1.695960000000000036e+03 -1.196400000000000006e+02 -2.796299999999999955e+02 1.823100000000000023e+02 -3.790600000000000023e+02
2.853999999999999773e+02 -4.364999999999999858e+01 0.000000000000000000e+00 -1.275999999999999943e+02 4.284000000000000341e+01 -3.880199999999999818e+02 -1.947400000000000091e+02 4.460500000000000114e+02 -4.788399999999999750e+02 -1.331500000000000057e+02
5.378099999999999454e+02 -6.751999999999999602e+01 0.000000000000000000e+00 3.570000000000000284e+01 -6.598999999999999488e+01 -2.716599999999999909e+03 2.959100000000000250e+02 -2.616000000000000227e+02 3.343999999999999773e+01 -4.083799999999999955e+02
-1.215300000000000011e+02 -1.989799999999999898e+02 0.000000000000000000e+00 1.485999999999999943e+02 -5.828999999999999915e+01 1.464990000000000009e+03 -1.621299999999999955e+02 1.946899999999999977e+02 -8.539999999999999147e+00 -9.140199999999999818e+02
-5.006700000000000159e+02 -1.755000000000000000e+02 0.000000000000000000e+00 -2.206699999999999875e+02 -7.389999999999999680e+00 1.966099999999999909e+03 3.374000000000000199e+01 7.385399999999999636e+02 7.948000000000000398e+01 -9.478400000000000318e+02
-4.303000000000000114e+01 4.146000000000000085e+01 0.000000000000000000e+00 -2.803199999999999932e+02 1.680999999999999872e+01 1.261119999999999891e+03 -7.456999999999999318e+01 -7.623700000000000045e+02 2.914999999999999858e+01 -2.885299999999999727e+02
2.628000000000000114e+02 -1.566500000000000057e+02 0.000000000000000000e+00 3.678700000000000045e+02 4.879999999999999716e+01 -2.811889999999999873e+03 2.310800000000000125e+02 -8.554400000000000546e+02 -1.291999999999999993e+01 1.012500000000000000e+02
5.991299999999999955e+02 -8.460999999999999943e+01 0.000000000000000000e+00 3.173600000000000136e+02 1.183000000000000007e+01 -1.844339999999999918e+03 4.568899999999999864e+02 9.772200000000000273e+02 -1.033199999999999932e+02 -2.648500000000000227e+02
-9.895000000000000284e+01 -1.453199999999999932e+02 0.000000000000000000e+00 -2.463100000000000023e+02 -5.179999999999999716e+00 2.134039999999999964e+03 -4.688000000000000114e+02 3.708899999999999864e+02 1.875000000000000000e+01 -4.945699999999999932e+02
-5.327999999999999545e+02 -2.298400000000000034e+02 0.000000000000000000e+00 -4.807500000000000000e+02 -7.057999999999999829e+01 2.137690000000000055e+03 -4.703100000000000023e+02 -2.879999999999999893e+00 2.103799999999999955e+02 -5.143099999999999454e+02
-1.569399999999999977e+02 -1.603000000000000114e+02 0.000000000000000000e+00 9.526999999999999602e+01 2.321000000000000085e+01 -2.485820000000000164e+03 5.939700000000000273e+02 -1.074259999999999991e+03 -1.578199999999999932e+02 -5.566699999999999591e+02
6.457999999999999829e+01 -8.865999999999999659e+01 0.000000000000000000e+00 4.710299999999999727e+02 6.540000000000000036e+00 -4.542500000000000000e+02 6.328000000000000114e+01 8.339000000000000057e+01 4.904999999999999716e+01 -3.628999999999999915e+01
5.922300000000000182e+02 -1.181200000000000045e+02 0.000000000000000000e+00 1.879099999999999966e+02 2.862999999999999901e+01 5.610299999999999727e+02 -4.104100000000000250e+02 2.059399999999999977e+02 -7.269999999999999574e+00 1.114099999999999966e+02
2.603999999999999915e+01 -1.160499999999999972e+02 0.000000000000000000e+00 -3.338299999999999841e+02 7.650000000000000355e+00 1.001330000000000041e+03 -3.262799999999999727e+02 9.000299999999999727e+02 1.569000000000000057e+02 -4.183399999999999750e+02
-3.796200000000000045e+02 -2.539900000000000091e+02 0.000000000000000000e+00 -2.347400000000000091e+02 -2.317999999999999972e+01 -4.584800000000000182e+02 5.823200000000000500e+02 2.589999999999999858e+01 -1.457700000000000102e+02 -5.082799999999999727e+02
-1.842199999999999989e+02 1.058999999999999986e+01 0.000000000000000000e+00 -2.269000000000000128e+01 -2.455999999999999872e+01 -1.584600000000000080e+02 6.529900000000000091e+02 -3.073700000000000045e+02 5.088000000000000256e+01 -7.629400000000000546e+02
2.118100000000000023e+02 -1.552800000000000011e+02 0.000000000000000000e+00 5.302300000000000182e+02 2.053000000000000114e+01 9.053200000000000500e+02 -9.202799999999999727e+02 -1.646309999999999945e+03 -3.513000000000000256e+01 1.392299999999999898e+02
-2.539600000000000080e+02 -2.014199999999999875e+02 0.000000000000000000e+00 -1.364799999999999898e+02 -6.120000000000000107e+00 -1.317029999999999973e+03 1.855000000000000000e+02 1.282579999999999927e+03 1.058100000000000023e+02 4.969999999999999751e+00
4.897300000000000182e+02 -5.403999999999999915e+01 0.000000000000000000e+00 -1.721599999999999966e+02 2.359999999999999876e+00 3.228799999999999955e+02 -2.060699999999999932e+02 1.079940000000000055e+03 -3.335999999999999943e+01 -2.137800000000000011e+02
-2.230000000000000071e+01 -1.677199999999999989e+02 0.000000000000000000e+00 -1.240199999999999960e+02 1.917000000000000171e+01 -9.232100000000000364e+02 1.360800000000000125e+02 -6.977699999999999818e+02 -1.284699999999999989e+02 -5.098399999999999750e+02
-2.566399999999999864e+02 -1.354199999999999875e+02 0.000000000000000000e+00 1.275999999999999943e+02 -2.912999999999999901e+01 1.505809999999999945e+03 3.931800000000000068e+02 -6.441499999999999773e+02 6.509999999999999432e+01 -9.201999999999999602e+01
-2.814800000000000182e+02 -4.317999999999999972e+01 0.000000000000000000e+00 -7.010999999999999943e+01 -2.551000000000000156e+01 8.325199999999999818e+02 -7.900000000000000000e+01 -4.714399999999999977e+02 4.914000000000000057e+01 -4.562599999999999909e+02
-5.203999999999999915e+01 -1.259899999999999949e+02 0.000000000000000000e+00 2.981700000000000159e+02 4.017999999999999972e+01 -2.080630000000000109e+03 -4.518199999999999932e+02 7.583700000000000045e+02 -3.284000000000000341e+01 -1.558000000000000007e+01
5.493899999999999864e+02 -1.328100000000000023e+02 0.000000000000000000e+00 3.116000000000000014e+01 1.401999999999999957e+01 -1.701800000000000068e+02 3.356100000000000136e+02 1.332199999999999989e+02 -1.265199999999999960e+02 2.750600000000000023e+02
3.409000000000000341e+01 -2.200399999999999920e+02 0.000000000000000000e+00 -5.693700000000000045e+02 -2.017000000000000171e+01 1.953380000000000109e+03 8.184999999999999432e+01 8.792300000000000182e+02 2.570799999999999841e+02 -1.181400000000000006e+02
-1.373700000000000045e+02 -8.939000000000000057e+01 0.000000000000000000e+00 2.516100000000000136e+02 -3.092999999999999972e+01 -1.543490000000000009e+03 -2.124900000000000091e+02 -2.174829999999999927e+03 -4.631000000000000227e+01 -1.610000000000000000e+02
-3.331899999999999977e+02 -1.001999999999999957e+01 0.000000000000000000e+00 5.480900000000000318e+02 1.673999999999999844e+01 -2.598399999999999750e+02 -3.193799999999999955e+02 4.416600000000000250e+02 -1.694000000000000128e+01 4.543000000000000114e+02
1.460999999999999943e+01 -1.463700000000000045e+02 0.000000000000000000e+00 -1.225600000000000023e+02 4.295000000000000284e+01 5.874700000000000273e+02 3.625099999999999909e+02 1.563259999999999991e+03 6.120000000000000284e+01 -2.486599999999999966e+02
5.039800000000000182e+02 -6.915999999999999659e+01 0.000000000000000000e+00 -2.947099999999999795e+02 4.174000000000000199e+01 -2.663999999999999773e+02 6.215199999999999818e+02 -7.234800000000000182e+02 -2.031800000000000068e+02 3.766200000000000045e+02
2.531599999999999966e+02 -2.424099999999999966e+02 0.000000000000000000e+00 -2.285099999999999909e+02 -6.168999999999999773e+01 1.221109999999999900e+03 -1.880300000000000011e+02 -2.435399999999999920e+02 1.065300000000000011e+02 7.822899999999999636e+02
-5.310900000000000318e+02 -1.350000000000000089e+00 0.000000000000000000e+00 8.207999999999999829e+01 -1.300000000000000044e-01 -1.604480000000000018e+03 -9.077500000000000000e+02 3.913000000000000256e+01 9.964000000000000057e+01 2.999999999999999889e-01
-2.740500000000000114e+02 3.634000000000000341e+01 0.000000000000000000e+00 3.862200000000000273e+02 -2.482000000000000028e+01 1.510999999999999943e+02 5.156399999999999864e+02 -4.651399999999999864e+02 -6.021000000000000085e+01 -2.280600000000000023e+02
-1.342700000000000102e+02 -1.527100000000000080e+02 0.000000000000000000e+00 2.693399999999999750e+02 3.928000000000000114e+01 6.898099999999999454e+02 3.584700000000000273e+02 3.976899999999999977e+02 1.569999999999999929e+01 6.194700000000000273e+02
6.407799999999999727e+02 -2.320099999999999909e+02 0.000000000000000000e+00 -5.077500000000000000e+02 2.764000000000000057e+01 1.577299999999999898e+02 -5.163200000000000500e+02 3.807400000000000091e+02 -6.453000000000000114e+01 7.061399999999999864e+02
1.617700000000000102e+02 1.408199999999999932e+02 0.000000000000000000e+00 -2.241200000000000045e+02 -5.297999999999999687e+01 -4.945699999999999932e+02 4.251899999999999977e+02 -5.625000000000000000e+01 7.601000000000000512e+01 7.196299999999999955e+02
-3.684800000000000182e+02 7.440999999999999659e+01 0.000000000000000000e+00 -4.419999999999999929e+00 -2.903000000000000114e+01 -2.021690000000000055e+03 1.788600000000000136e+02 -1.458400000000000034e+02 -6.884999999999999432e+01 -2.710400000000000205e+02
-6.741499999999999773e+02 -5.999000000000000199e+01 0.000000000000000000e+00 2.815799999999999841e+02 -2.719999999999999929e+01 3.760300000000000182e+03 -6.510199999999999818e+02 -4.666000000000000227e+02 5.797999999999999687e+01 -3.066100000000000136e+02
4.325899999999999750e+02 -2.644999999999999929e+01 0.000000000000000000e+00 3.518000000000000114e+02 1.656299999999999955e+02 1.439000000000000057e+01 -7.920999999999999375e+01 1.905699999999999932e+02 2.673999999999999844e+01 1.483339999999999918e+03
5.321900000000000546e+02 4.950000000000000178e+00 0.000000000000000000e+00 -4.378399999999999750e+02 -1.028199999999999932e+02 -3.709809999999999945e+03 8.866399999999999864e+02 4.189200000000000159e+02 -1.548000000000000043e+01 9.899400000000000546e+02
1.062699999999999960e+02 -1.746100000000000136e+02 0.000000000000000000e+00 4.036999999999999744e+01 -2.580000000000000071e+00 4.717200000000000273e+02 -4.239399999999999977e+02 -1.446800000000000068e+02 7.139000000000000057e+01 5.478099999999999454e+02
-1.794000000000000057e+02 1.026800000000000068e+02 0.000000000000000000e+00 9.504999999999999716e+01 -1.980000000000000071e+01 4.309350000000000364e+03 -3.867599999999999909e+02 -5.315099999999999909e+02 -1.224300000000000068e+02 3.199100000000000250e+02
-7.004700000000000273e+02 3.913000000000000256e+01 0.000000000000000000e+00 -1.575000000000000000e+01 3.682000000000000028e+01 -1.430420000000000073e+03 6.378000000000000114e+01 7.321100000000000136e+02 6.352000000000000313e+01 3.342000000000000171e+01
2.448799999999999955e+02 9.668000000000000682e+01 0.000000000000000000e+00 -2.435399999999999920e+02 1.737000000000000099e+01 -3.842570000000000164e+03 1.090670000000000073e+03 -3.487599999999999909e+02 1.647400000000000091e+02 6.369299999999999500e+02
5.669999999999999929e+00 -3.367000000000000171e+01 0.000000000000000000e+00 1.981399999999999864e+02 -1.716000000000000014e+01 2.443400000000000091e+03 -5.980800000000000409e+02 -1.952100000000000080e+02 -1.640399999999999920e+02 1.352279999999999973e+03
5.563700000000000045e+02 5.789999999999999858e+01 0.000000000000000000e+00 -6.706999999999999318e+01 1.169999999999999929e+00 -6.209299999999999500e+02 -7.486799999999999500e+02 1.034899999999999949e+02 9.582999999999999829e+01 6.169500000000000455e+02
-1.120100000000000051e+02 2.238400000000000034e+02 0.000000000000000000e+00 7.725000000000000000e+01 -3.117000000000000171e+01 3.383700000000000045e+02 1.555000000000000000e+02 7.404099999999999682e+02 -7.090999999999999659e+01 9.451599999999999682e+02
-5.935399999999999636e+02 2.568700000000000045e+02 0.000000000000000000e+00 1.175000000000000000e+02 -2.814999999999999858e+01 2.023230000000000018e+03 1.050740000000000009e+03 -1.249269999999999982e+03 -1.282700000000000102e+02 3.270000000000000018e+00
-5.089999999999999858e+01 2.059600000000000080e+02 0.000000000000000000e+00 1.384999999999999964e+01 8.756000000000000227e+01 -9.735700000000000500e+02 2.520000000000000018e+00 5.991699999999999591e+02 3.359000000000000341e+01 8.299999999999999600e-01
1.666100000000000136e+02 2.404499999999999886e+02 0.000000000000000000e+00 -3.372500000000000000e+02 -3.606000000000000227e+01 -1.957910000000000082e+03 -7.710700000000000500e+02 -4.232200000000000273e+02 1.332599999999999909e+02 1.309799999999999955e+03
1.412500000000000000e+02 1.229099999999999966e+02 0.000000000000000000e+00 1.390600000000000023e+02 2.691000000000000014e+01 -2.005740000000000009e+03 -1.063799999999999955e+02 2.706999999999999886e+02 2.301999999999999957e+01 1.527140000000000100e+03
6.751799999999999500e+02 2.601700000000000159e+02 0.000000000000000000e+00 1.028900000000000006e+02 -1.137399999999999949e+02 3.905500000000000000e+03 4.159599999999999795e+02 8.563799999999999955e+02 -5.887699999999999818e+02 2.080000000000000071e+01
-5.661799999999999500e+02 2.598899999999999864e+02 0.000000000000000000e+00 -6.881999999999999318e+01 4.043999999999999773e+01 1.832579999999999927e+03 1.847100000000000080e+02 -3.925199999999999818e+02 7.192799999999999727e+02 5.277899999999999636e+02
-4.210099999999999909e+02 3.478700000000000045e+02 0.000000000000000000e+00 1.399799999999999898e+02 9.118000000000000682e+01 -2.104400000000000091e+03 -4.452599999999999909e+02 -7.021499999999999773e+02 -7.062000000000000455e+01 -1.174599999999999937e+02
4.577699999999999818e+02 1.701899999999999977e+02 0.000000000000000000e+00 -1.682199999999999989e+02 4.468999999999999773e+01 -2.387780000000000200e+03 7.466699999999999591e+02 3.883100000000000023e+02 -1.744199999999999875e+02 1.020490000000000009e+03
5.373700000000000045e+02 5.272999999999999687e+01 0.000000000000000000e+00 2.299600000000000080e+02 -5.121000000000000085e+01 -7.023300000000000409e+02 -5.090600000000000023e+02 3.930099999999999909e+02 1.407500000000000000e+02 1.609730000000000018e+03
-4.117900000000000205e+02 6.192999999999999972e+01 0.000000000000000000e+00 -5.367000000000000171e+01 -5.777000000000000313e+01 4.310329999999999927e+03 -5.154800000000000182e+02 -3.531100000000000136e+02 -3.343000000000000114e+02 8.031999999999999318e+01
-8.714299999999999500e+02 8.723000000000000398e+01 0.000000000000000000e+00 -2.749900000000000091e+02 -4.621000000000000085e+01 -2.428809999999999945e+03 6.130000000000000000e+02 -5.875199999999999818e+02 1.441899999999999977e+02 5.831000000000000227e+01
1.030000000000000027e+00 1.858199999999999932e+02 0.000000000000000000e+00 6.601000000000000512e+01 9.009999999999999432e+01 4.531800000000000068e+02 3.187799999999999727e+02 3.033899999999999864e+02 1.145499999999999972e+02 -3.309599999999999795e+02
6.777100000000000364e+02 1.382199999999999989e+02 0.000000000000000000e+00 2.199099999999999966e+02 5.486999999999999744e+01 9.784400000000000546e+02 -1.548100000000000023e+02 5.543400000000000318e+02 1.692700000000000102e+02 9.207200000000000273e+02
7.960599999999999454e+02 -2.264000000000000057e+01 0.000000000000000000e+00 -1.012800000000000011e+02 -5.050999999999999801e+01 -1.750990000000000009e+03 -4.296299999999999955e+02 1.118100000000000023e+02 -2.976000000000000227e+02 1.340200000000000045e+03
-3.969300000000000068e+02 -1.160900000000000034e+02 0.000000000000000000e+00 7.268000000000000682e+01 -4.975999999999999801e+01 -7.265399999999999636e+02 2.388499999999999943e+02 -2.930500000000000114e+02 1.520800000000000125e+02 3.564399999999999977e+02
-9.903999999999999773e+02 -9.965000000000000568e+01 0.000000000000000000e+00 -2.016000000000000014e+01 -2.287000000000000099e+01 3.443650000000000091e+03 1.229999999999999982e+00 -7.103000000000000114e+01 -1.280900000000000034e+02 -3.359499999999999886e+02
-5.454299999999999500e+02 1.072500000000000000e+02 0.000000000000000000e+00 -3.082200000000000273e+02 5.799000000000000199e+01 -1.367490000000000009e+03 4.185799999999999841e+02 7.315999999999999659e+01 1.413799999999999955e+02 2.312599999999999909e+02
1.224950000000000045e+03 1.025699999999999932e+02 0.000000000000000000e+00 1.970900000000000034e+02 6.584000000000000341e+01 -2.021460000000000036e+03 -2.448799999999999955e+02 -1.574799999999999898e+02 -1.997700000000000102e+02 6.216299999999999955e+02
6.943700000000000045e+02 -1.210100000000000051e+02 0.000000000000000000e+00 1.908000000000000114e+02 -2.507000000000000028e+01 1.488299999999999955e+03 -6.780499999999999545e+02 -8.212000000000000455e+01 2.296500000000000057e+02 8.736699999999999591e+02
-5.798899999999999864e+02 -1.893000000000000114e+02 0.000000000000000000e+00 -4.810000000000000142e+01 -3.782000000000000028e+01 1.350000000000000000e+02 9.318300000000000409e+02 1.743700000000000045e+02 1.310399999999999920e+02 6.129299999999999500e+02
-4.730699999999999932e+02 -7.051000000000000512e+01 0.000000000000000000e+00 -3.553000000000000114e+01 1.315000000000000036e+01 -3.393100000000000023e+02 4.699999999999999734e-01 -1.585099999999999909e+02 -3.071700000000000159e+02 -1.233000000000000007e+01
-1.371599999999999966e+02 -1.573799999999999955e+02 0.000000000000000000e+00 -1.221200000000000045e+02 -2.694000000000000128e+01 -1.432390000000000100e+03 -2.385800000000000125e+02 -2.454699999999999989e+02 2.019399999999999977e+02 -8.281999999999999318e+01
3.045799999999999841e+02 -7.315000000000000568e+01 0.000000000000000000e+00 6.931000000000000227e+01 4.368999999999999773e+01 2.827679999999999836e+03 -3.246700000000000159e+02 1.341460000000000036e+03 -9.681000000000000227e+01 5.400199999999999818e+02
2.023700000000000045e+02 -2.353899999999999864e+02 0.000000000000000000e+00 -7.273999999999999488e+01 -2.350000000000000089e+00 -4.948000000000000114e+02 -2.744999999999999929e+01 -8.003799999999999955e+02 5.969999999999999751e+00 3.494800000000000182e+02
9.081000000000000227e+01 -2.674599999999999795e+02 0.000000000000000000e+00 7.151999999999999602e+01 -1.396000000000000085e+01 -2.778559999999999945e+03 5.627899999999999636e+02 -4.974800000000000182e+02 -9.720999999999999375e+01 6.029199999999999591e+02
-1.660999999999999943e+02 -2.320699999999999932e+02 0.000000000000000000e+00 -7.030000000000000249e+00 -2.087999999999999901e+01 3.419000000000000000e+03 9.343000000000000682e+01 -1.324699999999999989e+02 1.679300000000000068e+02 4.220000000000000000e+02
-5.004100000000000250e+02 -4.642000000000000171e+01 0.000000000000000000e+00 8.765999999999999659e+01 -1.439999999999999947e+00 -2.315340000000000146e+03 -1.796200000000000045e+02 7.356799999999999500e+02 1.385800000000000125e+02 4.829999999999999716e+01
2.294999999999999929e+01 -1.719099999999999966e+02 0.000000000000000000e+00 -2.555000000000000000e+02 6.303000000000000114e+01 1.240680000000000064e+03 -6.141000000000000227e+02 1.987400000000000091e+02 -1.091299999999999955e+02 3.882500000000000000e+02
4.398500000000000227e+02 -3.359399999999999977e+02 0.000000000000000000e+00 1.996200000000000045e+02 -1.632000000000000028e+01 1.284240000000000009e+03 8.284099999999999682e+02 -2.092199999999999989e+02 -4.326999999999999886e+02 2.527100000000000080e+02
4.112599999999999909e+02 -8.184000000000000341e+01 0.000000000000000000e+00 1.259300000000000068e+02 -5.654999999999999716e+01 -3.078650000000000091e+03 -9.835999999999999943e+01 -1.256180000000000064e+03 4.112599999999999909e+02 7.017300000000000182e+02
-1.857599999999999909e+02 -2.538499999999999943e+02 0.000000000000000000e+00 -3.882099999999999795e+02 2.469000000000000128e+01 1.899529999999999973e+03 -2.532999999999999829e+01 1.011960000000000036e+03 3.700999999999999801e+01 2.316599999999999966e+02
-3.217599999999999909e+02 -2.376500000000000057e+02 0.000000000000000000e+00 3.152599999999999909e+02 9.789999999999999147e+00 -2.000799999999999955e+03 -4.082599999999999909e+02 8.185499999999999545e+02 -2.371899999999999977e+02 2.285200000000000102e+02
-5.455599999999999454e+02 -1.967299999999999898e+02 0.000000000000000000e+00 -5.259999999999999787e+00 -6.370000000000000107e+00 2.285320000000000164e+03 -2.203100000000000023e+02 -1.323160000000000082e+03 -1.427999999999999936e+01 1.767199999999999989e+02
6.115199999999999818e+02 -1.495200000000000102e+02 0.000000000000000000e+00 -3.825699999999999932e+02 4.729999999999999716e+01 4.904200000000000159e+02 1.089849999999999909e+03 3.112400000000000091e+02 2.442299999999999898e+02 3.497400000000000091e+02
1.908400000000000034e+02 -1.733600000000000136e+02 0.000000000000000000e+00 3.217900000000000205e+02 -2.726000000000000156e+01 -2.379090000000000146e+03 -1.503799999999999955e+02 7.447200000000000273e+02 -5.040999999999999659e+01 6.181000000000000227e+02
6.637000000000000455e+01 -1.519699999999999989e+02 0.000000000000000000e+00 -9.546999999999999886e+01 -2.882000000000000028e+01 7.660599999999999454e+02 -9.012400000000000091e+02 -5.537200000000000273e+02 3.877000000000000313e+01 3.826299999999999955e+02
-1.753799999999999955e+02 -8.726000000000000512e+01 0.000000000000000000e+00 2.430699999999999932e+02 7.480000000000000426e+00 1.546289999999999964e+03 6.707000000000000455e+02 -2.295099999999999909e+02 -2.583999999999999986e+01 -1.397000000000000064e+01
-2.218300000000000125e+02 -2.207700000000000102e+02 0.000000000000000000e+00 -2.217000000000000171e+01 -2.839999999999999858e+00 -3.061460000000000036e+03 -9.751999999999999602e+01 -1.492899999999999920e+02 -1.819699999999999989e+02 5.264999999999999858e+01
-9.232999999999999829e+01 -6.281000000000000227e+01 0.000000000000000000e+00 -3.446600000000000250e+02 4.684000000000000341e+01 2.062230000000000018e+03 -2.440000000000000000e+02 7.889299999999999500e+02 1.768799999999999955e+02 5.461200000000000045e+02
1.733300000000000125e+02 7.201999999999999602e+01 0.000000000000000000e+00 -4.940999999999999659e+01 -4.419999999999999929e+00 1.682720000000000027e+03 6.479500000000000455e+02 -7.250000000000000000e+01 4.757000000000000028e+01 7.315599999999999454e+02
2.560000000000000000e+02 -2.796999999999999886e+01 0.000000000000000000e+00 3.474700000000000273e+02 -2.269999999999999929e+01 -1.536509999999999991e+03 -1.012009999999999991e+03 -1.031750000000000000e+03 -2.203899999999999864e+02 6.361699999999999591e+02
-1.455800000000000125e+02 -6.665000000000000568e+01 0.000000000000000000e+00 4.772999999999999687e+01 -3.211999999999999744e+01 -1.943609999999999900e+03 5.290000000000000000e+02 9.141599999999999682e+02 1.309600000000000080e+02 2.841499999999999773e+02
-4.271999999999999886e+02 3.686999999999999744e+01 0.000000000000000000e+00 -5.625499999999999545e+02 2.108999999999999986e+01 9.581999999999999318e+01 2.903700000000000045e+02 3.433600000000000136e+02 -5.050999999999999801e+01 -8.523999999999999488e+01
2.243700000000000045e+02 1.132600000000000051e+02 0.000000000000000000e+00 4.009599999999999795e+02 -1.555000000000000071e+01 1.628190000000000055e+03 -1.764900000000000091e+02 -8.133500000000000227e+02 1.229399999999999977e+02 7.348000000000000398e+01
3.536100000000000136e+02 5.325000000000000000e+01 0.000000000000000000e+00 4.100000000000000000e+01 3.069999999999999929e+01 1.331630000000000109e+03 -1.097500000000000000e+02 1.619600000000000080e+02 9.715000000000000568e+01 5.659500000000000455e+02
-4.792999999999999972e+01 8.275000000000000000e+01 0.000000000000000000e+00 -2.488799999999999955e+02 -7.169999999999999929e+00 -2.254539999999999964e+03 2.783199999999999932e+02 -3.226000000000000227e+02 -3.338999999999999773e+02 6.998400000000000318e+02
-3.563999999999999773e+02 7.184999999999999432e+01 0.000000000000000000e+00 2.285200000000000102e+02 -3.921999999999999886e+01 2.227100000000000080e+02 -3.514100000000000250e+02 1.275199999999999960e+02 1.149099999999999966e+02 8.335499999999999545e+02
-4.510000000000000142e+01 2.564200000000000159e+02 0.000000000000000000e+00 -1.011200000000000045e+02 4.954999999999999716e+01 7.263799999999999955e+02 -2.552199999999999989e+02 -1.855000000000000000e+02 9.356999999999999318e+01 -1.690600000000000023e+02
4.731700000000000159e+02 1.150799999999999983e+02 0.000000000000000000e+00 -2.805000000000000071e+01 3.196999999999999886e+01 -1.317539999999999964e+03 3.802300000000000182e+02 1.272569999999999936e+03 7.645999999999999375e+01 -3.464900000000000091e+02
6.881999999999999318e+01 5.996000000000000085e+01 0.000000000000000000e+00 -6.092000000000000171e+01 -5.377000000000000313e+01 2.307519999999999982e+03 2.303100000000000023e+02 -4.034700000000000273e+02 -2.089999999999999858e+00 5.410599999999999454e+02
-1.480000000000000000e+02 6.923999999999999488e+01 0.000000000000000000e+00 2.770400000000000205e+02 -3.465999999999999659e+01 -1.727750000000000000e+03 -2.007299999999999898e+02 -9.486799999999999500e+02 -1.180400000000000063e+02 9.918600000000000136e+02
-4.270099999999999909e+02 1.405000000000000000e+02 0.000000000000000000e+00 -1.940600000000000023e+02 7.620000000000000107e+00 2.951999999999999886e+02 -1.730600000000000023e+02 3.884300000000000068e+02 6.379999999999999893e+00 2.411299999999999955e+02
-2.298300000000000125e+02 2.179900000000000091e+02 0.000000000000000000e+00 -2.286399999999999864e+02 3.560000000000000142e+01 -1.336849999999999909e+03 1.023499999999999943e+02 -2.668799999999999955e+02 -1.035999999999999943e+01 -3.303000000000000114e+01
4.476700000000000159e+02 1.908999999999999986e+01 0.000000000000000000e+00 2.394499999999999886e+02 3.945000000000000284e+01 1.307549999999999955e+03 -2.024699999999999989e+02 4.338100000000000023e+02 1.419199999999999875e+02 6.927699999999999818e+02
6.867799999999999727e+02 1.789199999999999875e+02 0.000000000000000000e+00 1.425399999999999920e+02 -6.460999999999999943e+01 -6.139400000000000546e+02 4.403999999999999915e+01 3.549900000000000091e+02 -8.940999999999999659e+01 5.699900000000000091e+02
-3.611899999999999977e+02 1.439999999999999947e+00 0.000000000000000000e+00 -7.070000000000000284e+00 -3.546999999999999886e+01 1.250619999999999891e+03 4.789599999999999795e+02 -5.629999999999999893e+00 2.702200000000000273e+02 -2.205800000000000125e+02
-6.334400000000000546e+02 2.483000000000000114e+02 0.000000000000000000e+00 -6.410000000000000142e+00 2.312999999999999901e+01 -3.784900000000000091e+02 1.715000000000000000e+02 -8.019600000000000364e+02 -4.445099999999999909e+02 -2.118499999999999943e+02
-5.803000000000000114e+01 6.976000000000000512e+01 0.000000000000000000e+00 -3.225400000000000205e+02 4.332999999999999829e+01 -1.364589999999999918e+03 -1.381910000000000082e+03 -4.083000000000000114e+02 2.134199999999999875e+02 1.122299999999999955e+03
3.657799999999999727e+02 8.104999999999999716e+01 0.000000000000000000e+00 1.558799999999999955e+02 -1.323000000000000043e+01 3.550099999999999909e+02 4.321999999999999886e+02 1.054930000000000064e+03 -8.326000000000000512e+01 8.197300000000000182e+02
3.560799999999999841e+02 7.687000000000000455e+01 0.000000000000000000e+00 1.950099999999999909e+02 -3.071999999999999886e+01 2.178659999999999854e+03 1.121230000000000018e+03 4.467000000000000171e+01 4.789000000000000057e+01 2.001000000000000156e+01
-2.569100000000000250e+02 -9.298999999999999488e+01 0.000000000000000000e+00 -7.879999999999999716e+01 -6.311999999999999744e+01 -5.177100000000000364e+02 -2.201299999999999955e+02 3.918999999999999773e+01 5.200999999999999801e+01 -3.128199999999999932e+02
-1.379399999999999977e+02 2.493700000000000045e+02 0.000000000000000000e+00 -3.322500000000000000e+02 5.903000000000000114e+01 -3.573690000000000055e+03 -6.495000000000000000e+02 -6.129299999999999500e+02 2.089999999999999858e+00 3.158100000000000023e+02
-1.989999999999999991e+00 1.257999999999999972e+02 0.000000000000000000e+00 2.506800000000000068e+02 2.569999999999999929e+01 1.639619999999999891e+03 -2.274099999999999966e+02 -2.471999999999999886e+01 -3.492000000000000171e+01 1.486800000000000068e+02
-1.615200000000000102e+02 -6.679000000000000625e+01 0.000000000000000000e+00 1.342800000000000011e+02 2.589000000000000057e+01 1.981950000000000045e+03 1.431399999999999864e+02 4.134599999999999795e+02 -6.272999999999999687e+01 1.249599999999999937e+02
-1.002300000000000040e+02 -1.502299999999999898e+02 0.000000000000000000e+00 -1.255199999999999960e+02 -5.345000000000000284e+01 -1.028299999999999955e+03 5.464500000000000455e+02 1.179500000000000028e+02 1.431399999999999864e+02 8.650000000000000000e+02
7.194600000000000364e+02 1.728999999999999915e+01 0.000000000000000000e+00 2.141000000000000014e+01 -3.173999999999999844e+01 -4.363600000000000136e+02 7.119800000000000182e+02 -1.073049999999999955e+03 -1.716299999999999955e+02 -1.278499999999999943e+02
-8.645999999999999375e+01 9.976999999999999602e+01 0.000000000000000000e+00 -2.251699999999999875e+02 -3.089999999999999858e+00 1.686299999999999955e+02 -7.765700000000000500e+02 1.438710000000000036e+03 1.241299999999999955e+02 -5.585199999999999818e+02
-8.541599999999999682e+02 3.750000000000000000e+00 0.000000000000000000e+00 4.328500000000000227e+02 5.675999999999999801e+01 7.391200000000000045e+02 -1.463400000000000091e+03 -8.107000000000000455e+02 1.672800000000000011e+02 -1.952599999999999909e+02
9.331999999999999318e+01 -1.184200000000000017e+02 0.000000000000000000e+00 -1.219599999999999937e+02 -1.568999999999999950e+01 -2.297440000000000055e+03 9.704199999999999591e+02 -3.642099999999999795e+02 -2.524000000000000057e+02 6.074299999999999500e+02
6.211900000000000546e+02 -5.903999999999999915e+01 0.000000000000000000e+00 -8.934999999999999432e+01 -2.112000000000000099e+01 2.012509999999999991e+03 1.734450000000000045e+03 1.009159999999999968e+03 -7.009000000000000341e+01 1.673499999999999943e+02
3.116299999999999955e+02 7.303000000000000114e+01 0.000000000000000000e+00 -3.747999999999999687e+01 3.099999999999999978e-01 6.367699999999999818e+02 -8.008600000000000136e+02 -5.639000000000000057e+01 2.688600000000000136e+02 -2.307199999999999989e+02
-5.033299999999999841e+02 -1.890000000000000000e+02 0.000000000000000000e+00 -1.459499999999999886e+02 1.166000000000000014e+01 -7.707100000000000364e+02 -1.231549999999999955e+03 -1.154599999999999909e+03 -4.675000000000000000e+01 -2.125699999999999932e+02
-3.344800000000000182e+02 4.980000000000000426e+00 0.000000000000000000e+00 1.403799999999999955e+02 -4.122999999999999687e+01 -1.990200000000000045e+03 3.158700000000000045e+02 5.031399999999999864e+02 9.320000000000000284e+01 -4.107999999999999829e+01
-5.542999999999999972e+01 -3.132000000000000028e+01 0.000000000000000000e+00 -7.334000000000000341e+01 3.742999999999999972e+01 7.219600000000000364e+02 5.636200000000000045e+02 9.221000000000000227e+02 -4.652699999999999818e+02 -4.403899999999999864e+02
5.156100000000000136e+02 -7.429999999999999716e+01 0.000000000000000000e+00 1.636999999999999886e+02 2.760999999999999943e+01 2.839550000000000182e+03 6.626000000000000227e+02 -1.198250000000000000e+03 2.927900000000000205e+02 -5.169900000000000091e+02
4.870500000000000114e+02 -9.517000000000000171e+01 0.000000000000000000e+00 1.342199999999999989e+02 -3.155000000000000071e+01 -2.476769999999999982e+03 -6.683300000000000409e+02 3.445699999999999932e+02 1.262900000000000063e+02 -1.255499999999999972e+02
-5.746900000000000546e+02 -9.837999999999999545e+01 0.000000000000000000e+00 -1.033900000000000006e+02 -4.650999999999999801e+01 1.681710000000000036e+03 -4.769399999999999977e+02 -1.955000000000000071e+01 -1.821100000000000136e+02 -6.005000000000000000e+02
-6.373099999999999454e+02 -2.004000000000000057e+02 0.000000000000000000e+00 -7.962000000000000455e+01 2.014999999999999858e+01 -1.970079999999999927e+03 2.728100000000000023e+02 -1.157000000000000028e+02 2.871200000000000045e+02 -1.003559999999999945e+03
4.444200000000000159e+02 9.515999999999999659e+01 0.000000000000000000e+00 -2.241599999999999966e+02 2.332000000000000028e+01 -7.677799999999999727e+02 4.871000000000000085e+01 9.001499999999999773e+02 -1.868300000000000125e+02 -9.296599999999999682e+02
4.496499999999999773e+02 -1.187199999999999989e+02 0.000000000000000000e+00 2.596000000000000227e+02 2.589000000000000057e+01 3.115260000000000218e+03 -1.135100000000000051e+02 -3.459000000000000341e+01 -3.685500000000000114e+02 -6.310399999999999636e+02
-2.553999999999999915e+01 -4.954999999999999716e+01 0.000000000000000000e+00 3.069000000000000128e+01 1.932000000000000028e+01 5.015600000000000023e+02 6.056699999999999591e+02 -1.262630000000000109e+03 3.511000000000000227e+02 -4.286100000000000136e+02
-1.921999999999999886e+02 -2.280000000000000000e+02 0.000000000000000000e+00 -5.407000000000000028e+01 -5.249000000000000199e+01 -3.006360000000000127e+03 -2.457700000000000102e+02 8.268899999999999864e+02 1.899900000000000091e+02 -6.396499999999999773e+02
-5.294900000000000091e+02 -2.196000000000000085e+01 0.000000000000000000e+00 1.673000000000000043e+01 -3.631000000000000227e+01 -8.217200000000000273e+02 -5.079300000000000068e+02 -4.361100000000000136e+02 -6.240999999999999659e+01 -1.236339999999999918e+03
2.355600000000000023e+02 -1.871999999999999886e+01 0.000000000000000000e+00 -1.947299999999999898e+02 5.596000000000000085e+01 2.741999999999999886e+02 3.913100000000000023e+02 -3.937400000000000091e+02 -2.126200000000000045e+02 -9.162599999999999909e+02
8.901399999999999864e+02 2.301999999999999957e+01 0.000000000000000000e+00 1.496100000000000136e+02 1.669999999999999929e+01 3.893849999999999909e+03 -9.415000000000000568e+01 6.152899999999999636e+02 -2.951299999999999955e+02 -1.442400000000000091e+02
-5.704700000000000273e+02 -1.523700000000000045e+02 0.000000000000000000e+00 2.242800000000000011e+02 1.391000000000000014e+01 -2.713769999999999982e+03 3.951299999999999955e+02 8.577100000000000364e+02 4.776100000000000136e+02 -2.045099999999999909e+02
-5.310199999999999818e+02 2.009999999999999787e+00 0.000000000000000000e+00 -2.115000000000000000e+02 -2.114999999999999858e+01 1.461200000000000045e+02 1.304099999999999966e+02 -5.790900000000000318e+02 2.494000000000000128e+01 -8.020399999999999636e+02
3.714300000000000068e+02 -2.412000000000000099e+01 0.000000000000000000e+00 -6.937999999999999545e+01 2.999999999999999889e-02 -3.623399999999999750e+02 -2.519900000000000091e+02 -8.893300000000000409e+02 -1.941999999999999886e+02 -4.400600000000000023e+02
9.360999999999999943e+01 5.453000000000000114e+01 0.000000000000000000e+00 2.989000000000000057e+01 -2.842000000000000171e+01 -9.887300000000000182e+02 -4.223500000000000227e+02 1.064000000000000057e+02 -1.057199999999999989e+02 -1.088670000000000073e+03
2.612699999999999818e+02 -1.040400000000000063e+02 0.000000000000000000e+00 -6.909999999999999432e+01 1.256000000000000050e+01 2.310260000000000218e+03 -1.092399999999999949e+02 4.881700000000000159e+02 1.800600000000000023e+02 -4.046100000000000136e+02
-3.963999999999999773e+02 -1.392999999999999972e+01 0.000000000000000000e+00 3.044599999999999795e+02 4.125000000000000000e+01 9.094700000000000273e+02 4.521700000000000159e+02 6.003400000000000318e+02 1.093799999999999955e+02 2.535999999999999943e+02
-3.291299999999999955e+02 3.029999999999999805e+00 0.000000000000000000e+00 7.398999999999999488e+01 1.371000000000000085e+01 -2.107090000000000146e+03 8.111699999999999591e+02 -6.017999999999999545e+02 5.886999999999999744e+01 -5.420700000000000500e+02
6.942400000000000091e+02 5.049999999999999822e+00 0.000000000000000000e+00 -4.996000000000000227e+02 -1.109599999999999937e+02 -2.359889999999999873e+03 -4.445099999999999909e+02 2.064900000000000091e+02 -1.942999999999999972e+01 -5.408099999999999454e+02
2.881299999999999955e+02 -2.817000000000000171e+01 0.000000000000000000e+00 8.198999999999999488e+01 6.823999999999999488e+01 2.557409999999999854e+03 -9.183200000000000500e+02 -4.901100000000000136e+02 -3.719300000000000068e+02 -2.581800000000000068e+02
-6.506799999999999500e+02 -5.557999999999999829e+01 0.000000000000000000e+00 4.382099999999999795e+02 -2.319999999999999840e+00 8.815599999999999454e+02 -6.370000000000000107e+00 7.639000000000000057e+01 2.001299999999999955e+02 -4.769499999999999886e+02
-1.073199999999999932e+02 -6.038000000000000256e+01 0.000000000000000000e+00 -4.684000000000000341e+01 1.996000000000000085e+01 -1.055079999999999927e+03 9.087300000000000182e+02 6.153300000000000409e+02 -9.937000000000000455e+01 2.813199999999999932e+02
1.538000000000000078e+01 -5.242999999999999972e+01 0.000000000000000000e+00 -4.619700000000000273e+02 -1.630999999999999872e+01 5.301799999999999500e+02 -4.527000000000000313e+01 -3.817099999999999795e+02 1.771599999999999966e+02 -3.687599999999999909e+02
1.663300000000000125e+02 2.259999999999999787e+00 0.000000000000000000e+00 -1.369000000000000057e+02 -2.294999999999999929e+01 -1.717819999999999936e+03 -2.189199999999999875e+02 2.226599999999999966e+02 6.307999999999999829e+01 -3.240000000000000000e+02
2.431399999999999864e+02 -1.603899999999999864e+02 0.000000000000000000e+00 3.373700000000000045e+02 1.896999999999999886e+01 1.019899999999999977e+03 3.020000000000000018e+00 1.164500000000000028e+02 -7.323000000000000398e+01 -9.992000000000000171e+01
-1.336800000000000068e+02 -1.682100000000000080e+02 0.000000000000000000e+00 4.359900000000000091e+02 -2.260999999999999943e+01 5.743999999999999773e+02 -1.490200000000000102e+02 -5.788999999999999773e+02 -2.111699999999999875e+02 1.899300000000000068e+02
-2.026599999999999966e+02 -5.343999999999999773e+01 0.000000000000000000e+00 -2.099300000000000068e+02 2.598000000000000043e+01 1.321480000000000018e+03 8.320999999999999375e+01 -2.708500000000000227e+02 8.162000000000000455e+01 -1.706200000000000045e+02
1.710000000000000142e+01 3.375999999999999801e+01 0.000000000000000000e+00 -5.408200000000000500e+02 1.879999999999999893e+00 -1.928470000000000027e+03 4.122500000000000000e+02 3.748999999999999773e+02 2.077599999999999909e+02 3.599999999999999867e-01
-1.092199999999999989e+02 -1.431800000000000068e+02 0.000000000000000000e+00 1.327599999999999909e+02 -2.141000000000000014e+01 -6.902999999999999545e+02 -1.308600000000000136e+02 -6.195000000000000284e+01 8.375000000000000000e+01 -1.946999999999999886e+02
6.586499999999999773e+02 -7.706000000000000227e+01 0.000000000000000000e+00 3.004599999999999795e+02 7.570000000000000284e+00 -3.095199999999999818e+02 -3.079700000000000273e+02 9.776200000000000045e+02 -2.913799999999999955e+02 -1.520300000000000011e+02
-1.022800000000000011e+02 -6.242000000000000171e+01 0.000000000000000000e+00 -2.342400000000000091e+02 1.379999999999999893e+00 2.037220000000000027e+03 -2.890500000000000114e+02 -3.991800000000000068e+02 9.723000000000000398e+01 -1.535300000000000011e+02
-6.169500000000000455e+02 -9.823999999999999488e+01 0.000000000000000000e+00 5.815800000000000409e+02 -8.199999999999999289e+00 -8.702699999999999818e+02 5.849299999999999500e+02 -7.288899999999999864e+02 1.199599999999999937e+02 3.267799999999999727e+02
-2.401100000000000136e+02 -1.053499999999999943e+02 0.000000000000000000e+00 -1.829000000000000057e+02 1.407000000000000028e+01 8.489800000000000182e+02 2.006100000000000136e+02 9.523000000000000398e+01 -1.003900000000000006e+02 2.102599999999999909e+02
5.888899999999999864e+02 -1.358999999999999986e+01 0.000000000000000000e+00 -6.173799999999999955e+02 -2.685000000000000142e+01 -1.835400000000000091e+03 -4.485400000000000205e+02 3.156000000000000227e+02 1.667999999999999972e+01 -2.601200000000000045e+02
3.557500000000000000e+02 7.123999999999999488e+01 0.000000000000000000e+00 -5.027000000000000313e+01 3.410000000000000142e+00 3.426200000000000045e+02 1.651000000000000156e+01 4.429599999999999795e+02 -7.106999999999999318e+01 -1.101299999999999955e+02
-4.391700000000000159e+02 -6.152000000000000313e+01 0.000000000000000000e+00 6.135399999999999636e+02 2.123000000000000043e+01 -9.754199999999999591e+02 -3.706000000000000227e+01 1.989099999999999966e+02 -1.585500000000000114e+02 3.660299999999999727e+02
8.818999999999999773e+01 1.079599999999999937e+02 0.000000000000000000e+00 1.338300000000000125e+02 2.770000000000000018e+00 2.993630000000000109e+03 1.922299999999999898e+02 -4.706700000000000159e+02 2.506699999999999875e+02 -1.513499999999999943e+02
-3.095600000000000023e+02 -2.978000000000000114e+02 0.000000000000000000e+00 -7.285999999999999943e+01 -1.744999999999999929e+01 2.092599999999999909e+02 4.831899999999999977e+02 -9.553700000000000045e+02 1.854799999999999898e+02 -6.498999999999999488e+01
-4.507000000000000028e+01 1.598300000000000125e+02 0.000000000000000000e+00 -5.714900000000000091e+02 -6.815000000000000568e+01 -2.385969999999999800e+03 -3.748199999999999932e+02 4.439599999999999795e+02 -3.926499999999999773e+02 3.284200000000000159e+02
7.295099999999999909e+02 7.679999999999999716e+00 0.000000000000000000e+00 -1.550000000000000000e+01 6.985999999999999943e+01 -1.767130000000000109e+03 -6.025099999999999909e+02 3.177699999999999818e+02 2.050800000000000125e+02 1.641200000000000045e+02
-8.419999999999999929e+00 1.381200000000000045e+02 0.000000000000000000e+00 1.764399999999999977e+02 1.017999999999999972e+01 2.343619999999999891e+03 7.008400000000000318e+02 -8.850000000000000000e+01 1.200600000000000023e+02 -3.954200000000000159e+02
-6.462799999999999727e+02 -8.828000000000000114e+01 0.000000000000000000e+00 5.737699999999999818e+02 -2.314000000000000057e+01 1.789569999999999936e+03 5.006000000000000227e+01 1.206890000000000100e+03 -1.855300000000000011e+02 -3.260400000000000205e+02
-3.858700000000000045e+02 -6.469999999999999751e+00 0.000000000000000000e+00 -8.179000000000000625e+01 -7.730000000000000426e+00 -2.196960000000000036e+03 -3.380799999999999841e+02 -2.592699999999999818e+02 7.418999999999999773e+01 6.114199999999999591e+02
2.923500000000000227e+02 1.479199999999999875e+02 0.000000000000000000e+00 -4.793899999999999864e+02 1.360000000000000098e+00 7.344099999999999682e+02 3.616000000000000227e+02 -1.572480000000000018e+03 2.105000000000000071e+01 -6.397699999999999818e+02
6.760599999999999454e+02 1.301200000000000045e+02 0.000000000000000000e+00 -1.458400000000000034e+02 1.998999999999999844e+01 -7.167000000000000455e+02 -3.881100000000000136e+02 4.028999999999999773e+02 -9.620000000000000284e+01 -5.006999999999999886e+02
6.909000000000000341e+01 3.535000000000000142e+01 0.000000000000000000e+00 2.640400000000000205e+02 -8.070000000000000284e+00 -7.691900000000000546e+02 -6.684000000000000341e+01 5.455000000000000000e+02 1.523199999999999932e+02 3.845000000000000000e+02
-9.160099999999999909e+02 -1.923999999999999844e+01 0.000000000000000000e+00 3.083999999999999986e+01 -8.689999999999999503e+00 2.055739999999999782e+03 3.674200000000000159e+02 7.827500000000000000e+02 -3.127300000000000182e+02 -4.252699999999999818e+02
-2.123000000000000114e+02 4.840999999999999659e+01 0.000000000000000000e+00 2.271800000000000068e+02 -8.359999999999999432e+00 1.417899999999999920e+02 2.645000000000000000e+02 -8.772500000000000000e+02 2.898500000000000227e+02 -3.655500000000000114e+02
6.311499999999999773e+02 2.179499999999999886e+02 0.000000000000000000e+00 -2.224799999999999898e+02 2.139000000000000057e+01 -1.236150000000000091e+03 -9.271000000000000227e+02 -6.544800000000000182e+02 -3.270500000000000114e+02 -1.492599999999999909e+02
3.739900000000000091e+02 2.338499999999999943e+02 0.000000000000000000e+00 -3.090600000000000023e+02 1.591999999999999993e+01 -1.760299999999999955e+03 2.929599999999999795e+02 3.574499999999999886e+02 2.199199999999999875e+02 3.165899999999999750e+02
-4.510999999999999943e+01 1.265000000000000036e+01 0.000000000000000000e+00 1.556200000000000045e+02 -2.533999999999999986e+01 1.237569999999999936e+03 2.519300000000000068e+02 1.050699999999999932e+02 -1.635500000000000114e+02 -2.261299999999999955e+02
-5.844500000000000455e+02 -3.689000000000000057e+01 0.000000000000000000e+00 1.275499999999999972e+02 -2.078999999999999915e+01 2.245019999999999982e+03 6.338999999999999773e+02 4.358700000000000045e+02 3.375400000000000205e+02 -3.861000000000000227e+02
-2.684300000000000068e+02 2.046399999999999864e+02 0.000000000000000000e+00 -5.181000000000000227e+01 1.031000000000000050e+01 -1.676140000000000100e+03 -2.839999999999999858e+00 5.500199999999999818e+02 -1.088000000000000078e+01 -8.264000000000000057e+01
3.569399999999999977e+02 4.014800000000000182e+02 0.000000000000000000e+00 -1.325000000000000000e+01 3.321000000000000085e+01 -8.817000000000000171e+01 -1.231920000000000073e+03 -1.938549999999999955e+03 -4.568999999999999773e+02 7.915000000000000568e+01
4.597400000000000091e+02 -1.604600000000000080e+02 0.000000000000000000e+00 1.707500000000000000e+02 -1.116999999999999993e+01 5.192000000000000455e+02 -4.789000000000000057e+01 3.426700000000000159e+02 1.434300000000000068e+02 3.722799999999999727e+02
6.206000000000000227e+01 1.303799999999999955e+02 0.000000000000000000e+00 -3.335999999999999943e+01 1.632999999999999829e+01 -2.409679999999999836e+03 6.379500000000000455e+02 1.363529999999999973e+03 2.662400000000000091e+02 -1.788799999999999955e+02
-3.143100000000000023e+02 1.358600000000000136e+02 0.000000000000000000e+00 -2.001399999999999864e+02 -4.239000000000000057e+01 2.321389999999999873e+03 7.472599999999999909e+02 4.146800000000000068e+02 2.160000000000000142e+01 -4.139900000000000091e+02
-3.811100000000000136e+02 4.352799999999999727e+02 0.000000000000000000e+00 2.095399999999999920e+02 8.531999999999999318e+01 1.127640000000000100e+03 1.413700000000000045e+02 -1.012450000000000045e+03 1.137800000000000011e+02 -1.812999999999999901e+01
3.589999999999999858e+00 5.915999999999999659e+01 0.000000000000000000e+00 5.220000000000000284e+01 -5.253000000000000114e+01 -7.777799999999999727e+02 -9.833300000000000409e+02 -1.034220000000000027e+03 -5.393899999999999864e+02 2.565199999999999818e+02
1.482800000000000011e+02 -1.739900000000000091e+02 0.000000000000000000e+00 -5.535999999999999943e+01 1.021000000000000085e+01 -2.152190000000000055e+03 -1.634199999999999875e+02 2.001899999999999977e+02 2.910000000000000000e+02 1.758899999999999864e+02
5.010400000000000205e+02 1.734799999999999898e+02 0.000000000000000000e+00 -3.890400000000000205e+02 -3.392000000000000171e+01 1.675240000000000009e+03 3.144499999999999886e+02 1.476069999999999936e+03 5.586999999999999744e+01 -3.077500000000000000e+02
-3.435699999999999932e+02 6.274000000000000199e+01 0.000000000000000000e+00 3.797799999999999727e+02 6.290000000000000036e+00 -8.385399999999999636e+02 7.056000000000000227e+02 -6.250000000000000000e+00 9.364000000000000057e+01 -7.138300000000000409e+02
2.872099999999999795e+02 2.030000000000000000e+02 0.000000000000000000e+00 5.531000000000000227e+01 -1.199999999999999956e+00 5.499099999999999682e+02 -4.349900000000000091e+02 -8.687799999999999727e+02 -8.270000000000000284e+01 4.036600000000000250e+02
-6.198999999999999773e+02 1.232399999999999949e+02 0.000000000000000000e+00 -1.384399999999999977e+02 -1.750000000000000000e+00 6.292999999999999545e+02 -8.789199999999999591e+02 1.053900000000000006e+02 -1.900500000000000114e+02 5.664099999999999682e+02
-2.548700000000000045e+02 -8.078000000000000114e+01 0.000000000000000000e+00 2.498999999999999844e+01 1.932000000000000028e+01 1.935900000000000034e+02 6.616599999999999682e+02 2.174399999999999977e+02 4.938000000000000256e+01 -2.491299999999999955e+02
7.291699999999999591e+02 -6.460999999999999943e+01 0.000000000000000000e+00 -3.540000000000000036e+00 -3.775999999999999801e+01 -3.036360000000000127e+03 4.623399999999999750e+02 -1.563799999999999955e+02 2.442999999999999972e+01 -2.323300000000000125e+02
6.157899999999999636e+02 1.087399999999999949e+02 0.000000000000000000e+00 1.720300000000000011e+02 -7.910000000000000142e+00 1.310369999999999891e+03 -3.877099999999999795e+02 -3.524700000000000273e+02 2.721999999999999886e+02 -1.753999999999999915e+01
-7.211000000000000227e+02 3.250000000000000000e+01 0.000000000000000000e+00 -1.810999999999999943e+02 1.817999999999999972e+01 2.255780000000000200e+03 4.160000000000000000e+02 9.238600000000000136e+02 -2.720500000000000114e+02 2.841399999999999864e+02
-8.051000000000000227e+02 9.987000000000000455e+01 0.000000000000000000e+00 -6.269999999999999574e+00 -5.269999999999999574e+00 -5.882300000000000182e+02 -6.060599999999999454e+02 3.578600000000000136e+02 4.814999999999999858e+01 -1.507400000000000091e+02
2.713500000000000227e+02 -9.518999999999999773e+01 0.000000000000000000e+00 1.897199999999999989e+02 3.761999999999999744e+01 -9.514299999999999500e+02 5.188500000000000227e+02 -1.391029999999999973e+03 1.680900000000000034e+02 -2.621700000000000159e+02
9.267200000000000273e+02 -3.817000000000000171e+01 0.000000000000000000e+00 -2.993399999999999750e+02 -4.259999999999999787e+00 -1.363140000000000100e+03 1.845300000000000011e+02 -1.072619999999999891e+03 4.839999999999999858e+00 1.570699999999999932e+02
2.183999999999999986e+01 2.317000000000000171e+01 0.000000000000000000e+00 1.695800000000000125e+02 -6.540000000000000036e+00 2.397880000000000109e+03 -1.716299999999999955e+02 1.718380000000000109e+03 -5.200000000000000000e+01 -2.164799999999999898e+02
-3.625000000000000000e+02 -4.892999999999999972e+01 0.000000000000000000e+00 1.485699999999999932e+02 -6.060999999999999943e+01 -6.457200000000000273e+02 -3.667599999999999909e+02 1.139759999999999991e+03 -1.451999999999999957e+01 -6.431999999999999318e+01
-7.859000000000000341e+01 -3.406000000000000227e+01 0.000000000000000000e+00 -5.929999999999999716e+00 3.809000000000000341e+01 -1.352369999999999891e+03 8.278000000000000114e+01 -9.553200000000000500e+02 1.125499999999999972e+02 -6.746999999999999886e+01
-3.547500000000000000e+02 -8.742000000000000171e+01 0.000000000000000000e+00 -1.319499999999999886e+02 1.406000000000000050e+01 1.547630000000000109e+03 2.270600000000000023e+02 -3.025699999999999932e+02 -2.104799999999999898e+02 -8.903000000000000114e+01
-1.276700000000000017e+02 -4.121000000000000085e+01 0.000000000000000000e+00 -1.864399999999999977e+02 3.589999999999999858e+00 -9.181000000000000227e+02 5.928400000000000318e+02 -5.325700000000000500e+02 -2.085999999999999943e+01 2.399799999999999898e+02
8.861200000000000045e+02 2.146000000000000085e+01 0.000000000000000000e+00 -1.610000000000000098e+00 1.350999999999999979e+01 1.078539999999999964e+03 -6.338899999999999864e+02 6.177000000000000313e+01 6.501000000000000512e+01 -5.659400000000000546e+02
9.065999999999999659e+01 -4.978999999999999915e+01 0.000000000000000000e+00 4.036100000000000136e+02 -5.542000000000000171e+01 -2.462400000000000091e+02 -6.319299999999999500e+02 7.402300000000000182e+02 -4.071999999999999886e+01 1.553000000000000114e+02
-7.522699999999999818e+02 -2.230999999999999872e+01 0.000000000000000000e+00 -2.247199999999999989e+02 4.434000000000000341e+01 -1.863130000000000109e+03 7.900599999999999454e+02 -2.136399999999999864e+02 4.601399999999999864e+02 -2.867200000000000273e+02
-4.731299999999999955e+02 -4.767000000000000171e+01 0.000000000000000000e+00 -3.055000000000000071e+01 -3.778999999999999915e+01 1.526519999999999982e+03 3.842999999999999972e+01 6.913700000000000045e+02 -4.045600000000000023e+02 -3.557400000000000091e+02
2.468199999999999932e+02 -5.097999999999999687e+01 0.000000000000000000e+00 1.960999999999999943e+02 1.394999999999999929e+01 1.475099999999999909e+02 -4.321999999999999886e+01 -8.268700000000000045e+02 -3.271399999999999864e+02 3.202200000000000273e+02
1.045599999999999909e+03 -6.534999999999999432e+01 0.000000000000000000e+00 -8.589000000000000057e+01 2.219000000000000128e+01 -2.399000000000000057e+02 -4.529999999999999716e+01 -8.926100000000000136e+02 3.820500000000000114e+02 -1.338100000000000023e+02
3.483999999999999773e+02 -1.398899999999999864e+02 0.000000000000000000e+00 -3.267699999999999818e+02 -2.792000000000000171e+01 5.829999999999999716e+01 4.543999999999999773e+01 5.326799999999999500e+02 1.017800000000000011e+02 7.048000000000000398e+01
-1.418549999999999955e+03 7.669999999999999929e+00 0.000000000000000000e+00 2.277800000000000011e+02 -1.514000000000000057e+01 4.654599999999999795e+02 -4.011600000000000250e+02 7.909800000000000182e+02 -9.150000000000000000e+01 3.439999999999999947e+00
-2.400600000000000023e+02 -4.138000000000000256e+01 0.000000000000000000e+00 3.215999999999999659e+01 1.116999999999999993e+01 -2.102820000000000164e+03 -2.698600000000000136e+02 6.455700000000000500e+02 -9.576000000000000512e+01 -3.583899999999999864e+02
6.716100000000000136e+02 -1.704399999999999977e+02 0.000000000000000000e+00 2.277500000000000000e+02 4.940999999999999659e+01 1.390529999999999973e+03 8.043799999999999955e+02 -7.024199999999999591e+02 7.157999999999999829e+01 -5.046800000000000068e+02
3.470000000000000195e+00 -1.225300000000000011e+02 0.000000000000000000e+00 -2.736600000000000250e+02 -5.652000000000000313e+01 1.017999999999999972e+02 5.183700000000000045e+02 -1.341849999999999909e+03 1.171000000000000085e+01 6.229700000000000273e+02
4.895500000000000114e+02 -4.213000000000000256e+01 0.000000000000000000e+00 7.362999999999999545e+01 -2.771000000000000085e+01 1.307349999999999909e+03 -3.219599999999999795e+02 -1.249800000000000040e+02 -8.410999999999999943e+01 5.224000000000000199e+01
-1.350300000000000011e+02 4.290000000000000036e+00 0.000000000000000000e+00 5.660000000000000142e+00 2.935000000000000142e+01 -1.405819999999999936e+03 -1.112400000000000091e+03 1.920740000000000009e+03 -9.696999999999999886e+01 -8.373200000000000500e+02
-8.530299999999999727e+02 -9.656000000000000227e+01 0.000000000000000000e+00 -3.894300000000000068e+02 4.690000000000000391e+00 -1.696859999999999900e+03 -1.113000000000000078e+01 -4.594800000000000182e+02 3.567900000000000205e+02 -2.120200000000000102e+02
-3.281999999999999886e+02 -3.339000000000000057e+01 0.000000000000000000e+00 1.385999999999999943e+02 3.424000000000000199e+01 4.840199999999999818e+02 7.235499999999999545e+02 -4.457200000000000273e+02 -6.790000000000000568e+01 6.995299999999999727e+02
1.025140000000000100e+03 8.259000000000000341e+01 0.000000000000000000e+00 3.286700000000000159e+02 -5.950000000000000178e+00 2.690550000000000182e+03 9.702699999999999818e+02 -5.051600000000000250e+02 -2.928999999999999773e+02 -1.026800000000000068e+02
8.360599999999999454e+02 -9.179000000000000625e+01 0.000000000000000000e+00 2.185600000000000023e+02 -2.753000000000000114e+01 -3.324499999999999886e+02 -4.172599999999999909e+02 -2.258600000000000136e+02 -9.429999999999999716e+00 -1.761699999999999875e+02
-8.602400000000000091e+02 -1.966899999999999977e+02 0.000000000000000000e+00 -4.735699999999999932e+02 -8.910000000000000142e+00 -2.185820000000000164e+03 -1.167559999999999945e+03 1.057200000000000045e+03 4.456899999999999977e+02 -1.564199999999999875e+02
-7.027699999999999818e+02 1.582800000000000011e+02 0.000000000000000000e+00 -5.128999999999999915e+01 -1.389000000000000057e+01 -1.510999999999999943e+01 6.542000000000000171e+01 3.963999999999999773e+02 -9.971999999999999886e+01 -3.415299999999999727e+02
-4.488000000000000256e+01 -5.125999999999999801e+01 0.000000000000000000e+00 2.076800000000000068e+02 4.084000000000000341e+01 1.473650000000000091e+03 7.789099999999999682e+02 -1.455900000000000034e+02 2.511299999999999955e+02 9.539999999999999147e+00
6.566200000000000045e+02 1.253199999999999932e+02 0.000000000000000000e+00 -2.069999999999999840e+00 2.112000000000000099e+01 -6.066299999999999955e+02 4.648299999999999841e+02 -4.397099999999999795e+02 -4.795500000000000114e+02 3.456100000000000136e+02
7.115700000000000500e+02 -6.985999999999999943e+01 0.000000000000000000e+00 2.119399999999999977e+02 -5.692000000000000171e+01 -7.392999999999999545e+02 -1.182380000000000109e+03 -8.704700000000000273e+02 -1.266299999999999955e+02 3.963999999999999773e+02
-4.181000000000000227e+01 -1.630999999999999943e+02 0.000000000000000000e+00 -4.779999999999999716e+01 -9.429999999999999716e+00 1.177529999999999973e+03 7.021999999999999886e+01 1.223869999999999891e+03 4.208799999999999955e+02 -5.639700000000000273e+02
-1.197200000000000045e+03 1.519199999999999875e+02 0.000000000000000000e+00 -2.293300000000000125e+02 4.413000000000000256e+01 7.652300000000000182e+02 7.467200000000000273e+02 -5.848700000000000045e+02 1.215900000000000034e+02 -8.165700000000000500e+02
-5.929400000000000546e+02 7.960999999999999943e+01 0.000000000000000000e+00 -3.018299999999999841e+02 -5.959999999999999964e+00 -5.400900000000000318e+02 -1.118700000000000045e+02 -6.192999999999999972e+01 -9.223000000000000398e+01 1.899900000000000091e+02
7.612100000000000364e+02 2.089000000000000057e+01 0.000000000000000000e+00 3.700400000000000205e+02 -1.789000000000000057e+01 -1.764779999999999973e+03 -4.508000000000000114e+02 1.334369999999999891e+03 -1.312299999999999898e+02 7.427300000000000182e+02
1.000590000000000032e+03 4.057000000000000028e+01 0.000000000000000000e+00 4.666200000000000045e+02 -3.510000000000000142e+01 -9.721999999999999886e+01 2.037999999999999901e+01 -3.721499999999999773e+02 -1.541899999999999977e+02 3.747200000000000273e+02
-1.485300000000000011e+02 -6.950000000000000178e+00 0.000000000000000000e+00 -2.423100000000000023e+02 3.739999999999999858e+01 1.467910000000000082e+03 6.097699999999999818e+02 -1.392230000000000018e+03 1.229500000000000028e+02 -5.701000000000000227e+02
-5.392200000000000273e+02 1.334000000000000057e+02 0.000000000000000000e+00 -6.186200000000000045e+02 3.235000000000000142e+01 4.960600000000000023e+02 5.939000000000000057e+01 8.312999999999999545e+01 2.648299999999999841e+02 -1.619199999999999875e+02
-7.458600000000000136e+02 6.904999999999999716e+01 0.000000000000000000e+00 -5.078999999999999915e+01 -3.288000000000000256e+01 1.196859999999999900e+03 -6.018700000000000045e+02 2.384699999999999989e+02 -2.875199999999999818e+02 -2.088300000000000125e+02
2.471999999999999886e+02 1.347800000000000011e+02 0.000000000000000000e+00 3.762599999999999909e+02 -3.178999999999999915e+01 -2.132909999999999854e+03 -5.038000000000000256e+01 1.490200000000000045e+03 6.192999999999999972e+01 6.595499999999999545e+02
1.065400000000000091e+03 1.196899999999999977e+02 0.000000000000000000e+00 5.875099999999999909e+02 3.321999999999999886e+01 -3.035389999999999873e+03 -7.048000000000000398e+01 -7.280900000000000318e+02 1.468499999999999943e+02 -1.585099999999999909e+02
7.964000000000000057e+01 1.042800000000000011e+02 0.000000000000000000e+00 -1.939600000000000080e+02 2.014999999999999858e+01 2.636699999999999818e+03 6.003700000000000045e+02 -3.838399999999999750e+02 -1.077000000000000028e+02 -9.103000000000000114e+01
-5.728300000000000409e+02 9.787999999999999545e+01 0.000000000000000000e+00 -7.360800000000000409e+02 -1.464000000000000057e+01 2.639320000000000164e+03 2.133100000000000023e+02 -9.563899999999999864e+02 -1.429999999999999938e+00 -1.731699999999999875e+02
-7.559400000000000546e+02 9.348000000000000398e+01 0.000000000000000000e+00 1.400399999999999920e+02 9.240000000000000213e+00 -4.122500000000000000e+02 -2.876899999999999977e+02 8.089199999999999591e+02 -1.044899999999999949e+02 -2.693899999999999864e+02
4.510999999999999943e+01 1.915399999999999920e+02 0.000000000000000000e+00 4.616200000000000045e+02 -2.203000000000000114e+01 -2.328099999999999909e+03 -9.165800000000000409e+02 4.355899999999999750e+02 -2.301999999999999957e+01 -3.700999999999999801e+01
8.863400000000000318e+02 7.529000000000000625e+01 0.000000000000000000e+00 -9.979999999999999716e+01 -1.949999999999999956e+00 -2.265179999999999836e+03 9.239000000000000057e+01 2.703999999999999773e+02 2.714300000000000068e+02 7.721999999999999886e+01
6.443999999999999773e+01 1.036999999999999922e+01 0.000000000000000000e+00 -6.350999999999999801e+01 -2.705999999999999872e+01 3.762760000000000218e+03 9.492200000000000273e+02 -2.179000000000000057e+02 -2.015099999999999909e+02 1.251800000000000068e+02
-3.035099999999999909e+02 3.255600000000000023e+02 0.000000000000000000e+00 -4.713000000000000256e+01 3.645000000000000284e+01 9.613999999999999773e+02 2.537400000000000091e+02 -1.151740000000000009e+03 -3.753500000000000227e+02 -1.134999999999999964e+01
-5.614500000000000455e+02 1.215400000000000063e+02 0.000000000000000000e+00 -3.794300000000000068e+02 2.876000000000000156e+01 -2.863750000000000000e+03 -3.994300000000000068e+02 5.230900000000000318e+02 3.247099999999999795e+02 -4.756800000000000068e+02
1.179399999999999977e+02 -1.082000000000000028e+01 0.000000000000000000e+00 1.535800000000000125e+02 -1.469999999999999929e+01 1.050490000000000009e+03 -1.971200000000000045e+02 6.896599999999999682e+02 2.251899999999999977e+02 -1.196200000000000045e+02
4.247300000000000182e+02 8.995000000000000284e+01 0.000000000000000000e+00 1.046899999999999977e+02 -5.849000000000000199e+01 8.106100000000000136e+02 -3.436899999999999977e+02 -1.135009999999999991e+03 -1.330099999999999909e+02 8.463799999999999955e+02
5.453500000000000227e+02 1.514099999999999966e+02 0.000000000000000000e+00 2.087199999999999989e+02 -2.129999999999999893e+00 -3.032480000000000018e+03 1.613499999999999943e+02 5.967999999999999545e+02 -2.984100000000000250e+02 -6.069800000000000182e+02
-2.866100000000000136e+02 5.899000000000000199e+01 0.000000000000000000e+00 1.778999999999999915e+01 6.340999999999999659e+01 8.084600000000000364e+02 3.821800000000000068e+02 8.165800000000000409e+02 3.023700000000000045e+02 -2.913000000000000114e+02
-8.382100000000000364e+02 5.014000000000000057e+01 0.000000000000000000e+00 -7.337999999999999545e+01 2.837000000000000099e+01 4.060710000000000036e+03 3.223899999999999864e+02 -1.007559999999999945e+03 7.714000000000000057e+01 5.871599999999999682e+02
-3.292999999999999972e+01 2.141000000000000014e+01 0.000000000000000000e+00 -3.332000000000000028e+01 1.108000000000000007e+01 -2.032589999999999918e+03 -5.013999999999999773e+02 -4.671499999999999773e+02 1.984300000000000068e+02 -6.332999999999999829e+01
3.237300000000000182e+02 1.073000000000000043e+01 0.000000000000000000e+00 -5.910999999999999943e+01 -5.584000000000000341e+01 -2.705139999999999873e+03 -1.281699999999999875e+02 6.714700000000000273e+02 -5.731200000000000045e+02 -3.979599999999999795e+02
3.970400000000000205e+02 -7.681999999999999318e+01 0.000000000000000000e+00 -4.386999999999999744e+01 -4.246999999999999886e+01 7.689600000000000364e+02 4.632300000000000182e+02 7.027500000000000000e+02 -1.184800000000000040e+02 8.690000000000000568e+01
4.089200000000000159e+02 -9.712000000000000455e+01 0.000000000000000000e+00 -2.105000000000000000e+02 4.213000000000000256e+01 1.376900000000000091e+03 -5.462899999999999636e+02 -5.971799999999999500e+02 4.017400000000000091e+02 -6.889999999999999680e+00
-4.956399999999999864e+02 -1.130400000000000063e+02 0.000000000000000000e+00 3.936399999999999864e+02 9.380000000000000782e+00 8.248700000000000045e+02 4.028600000000000136e+02 9.282999999999999829e+01 -8.957999999999999829e+01 -5.870000000000000107e+00
-5.107699999999999818e+02 -1.910000000000000142e+01 0.000000000000000000e+00 6.129999999999999716e+01 -3.292999999999999972e+01 -3.631000000000000227e+01 3.543299999999999841e+02 -3.832200000000000273e+02 1.151200000000000045e+02 2.274399999999999977e+02
1.592500000000000000e+02 -1.413899999999999864e+02 0.000000000000000000e+00 -4.126600000000000250e+02 -4.068999999999999773e+01 -8.367200000000000273e+02 -1.976999999999999957e+01 -2.159799999999999898e+02 -2.341000000000000014e+01 2.924200000000000159e+02
4.253999999999999773e+02 -8.240000000000000568e+01 0.000000000000000000e+00 8.381000000000000227e+01 4.102000000000000313e+01 -3.030599999999999909e+03 -3.091899999999999977e+02 1.039549999999999955e+03 -7.929999999999999716e+00 -8.373999999999999488e+01
9.439000000000000057e+01 -2.155000000000000071e+01 0.000000000000000000e+00 1.006400000000000006e+02 4.911999999999999744e+01 2.491659999999999854e+03 -2.536999999999999886e+02 -3.683899999999999864e+02 -7.900000000000000355e-01 -1.977800000000000011e+02
-1.182300000000000040e+02 -1.458300000000000125e+02 0.000000000000000000e+00 -6.901000000000000512e+01 -6.429999999999999716e+00 7.094700000000000273e+02 -8.029999999999999361e+00 -1.221210000000000036e+03 1.351899999999999977e+02 2.716600000000000250e+02
-1.294399999999999977e+02 -1.821200000000000045e+02 0.000000000000000000e+00 3.438799999999999955e+02 -2.723000000000000043e+01 -1.633199999999999932e+02 2.466000000000000014e+01 5.427500000000000000e+02 -4.541700000000000159e+02 4.375099999999999909e+02
-6.070199999999999818e+02 -1.815999999999999943e+02 0.000000000000000000e+00 -1.430200000000000102e+02 -4.714000000000000057e+01 1.468190000000000055e+03 3.467300000000000182e+02 1.496900000000000091e+03 4.385799999999999841e+02 -1.430300000000000011e+02
6.333500000000000227e+02 -1.236700000000000017e+02 0.000000000000000000e+00 -3.620600000000000023e+02 1.848000000000000043e+01 -2.473929999999999836e+03 6.881999999999999318e+01 -1.307720000000000027e+03 3.553000000000000114e+01 2.446899999999999977e+02
6.525499999999999545e+02 -1.945900000000000034e+02 0.000000000000000000e+00 -6.751999999999999602e+01 1.935000000000000142e+01 -1.666799999999999955e+03 -2.290000000000000000e+02 -4.709999999999999964e+00 -1.816299999999999955e+02 1.260900000000000034e+02
-6.079600000000000364e+02 2.540000000000000036e+00 0.000000000000000000e+00 4.388399999999999750e+02 2.878000000000000114e+01 1.607369999999999891e+03 -3.598199999999999932e+02 7.425199999999999818e+02 -1.368499999999999943e+02 1.262600000000000051e+02
-5.125499999999999545e+02 -3.939599999999999795e+02 0.000000000000000000e+00 1.074099999999999966e+02 -2.769000000000000128e+01 2.109230000000000018e+03 5.283700000000000045e+02 -5.254500000000000455e+02 -8.040000000000000568e+01 2.968100000000000023e+02
9.559000000000000341e+01 -4.029300000000000068e+02 0.000000000000000000e+00 -2.240600000000000023e+02 -4.932999999999999829e+01 3.761100000000000136e+02 2.959399999999999977e+02 -6.526299999999999955e+02 4.064900000000000091e+02 3.998899999999999864e+02
2.960500000000000114e+02 -1.235900000000000034e+02 0.000000000000000000e+00 -2.485099999999999909e+02 -1.098000000000000043e+01 -2.591849999999999909e+03 -7.381999999999999318e+01 1.033920000000000073e+03 7.370999999999999375e+01 -5.789999999999999858e+01
3.421000000000000227e+02 -8.006999999999999318e+01 0.000000000000000000e+00 4.493999999999999773e+01 5.685000000000000142e+01 -5.247300000000000182e+02 -2.954599999999999795e+02 -9.890000000000000568e+00 -1.806399999999999864e+02 -1.464799999999999898e+02
5.892000000000000171e+01 -2.412400000000000091e+02 0.000000000000000000e+00 8.746999999999999886e+01 1.917000000000000171e+01 7.458099999999999454e+02 -1.704699999999999989e+02 -1.412480000000000018e+03 -1.498100000000000023e+02 -2.142500000000000000e+02
-4.942099999999999795e+02 -3.881200000000000045e+02 0.000000000000000000e+00 1.322599999999999909e+02 2.067000000000000171e+01 8.585499999999999545e+02 -4.480500000000000114e+02 1.008730000000000018e+03 -8.982999999999999829e+01 1.021659999999999968e+03
-2.121100000000000136e+02 -3.463399999999999750e+02 0.000000000000000000e+00 1.212600000000000051e+02 -1.027600000000000051e+02 1.440230000000000018e+03 9.492699999999999818e+02 4.009000000000000341e+01 2.657699999999999818e+02 3.357400000000000091e+02
2.040000000000000036e+00 -2.085200000000000102e+02 0.000000000000000000e+00 -3.435199999999999818e+02 2.146999999999999886e+01 -3.212099999999999909e+03 2.216800000000000068e+02 -6.095099999999999909e+02 5.400000000000000355e-01 3.411700000000000159e+02
1.368700000000000045e+02 2.119999999999999929e+01 0.000000000000000000e+00 -1.587299999999999898e+02 4.053999999999999915e+01 7.812899999999999636e+02 -6.708200000000000500e+02 4.087099999999999795e+02 1.624300000000000068e+02 -4.463999999999999773e+02
3.498299999999999841e+02 -2.696299999999999955e+02 0.000000000000000000e+00 4.131299999999999955e+02 1.583999999999999986e+01 7.018799999999999955e+02 -4.145500000000000114e+02 1.695619999999999891e+03 -2.796299999999999955e+02 2.806499999999999773e+02
1.887199999999999989e+02 -6.717000000000000171e+01 0.000000000000000000e+00 1.146299999999999955e+02 -3.539000000000000057e+01 1.061190000000000055e+03 4.062300000000000182e+02 -1.321690000000000055e+03 -3.363000000000000114e+02 5.865599999999999454e+02
-1.058700000000000045e+02 -3.199300000000000068e+02 0.000000000000000000e+00 -3.438899999999999864e+02 -2.141000000000000014e+01 -6.364700000000000273e+02 1.001399999999999977e+03 -9.032500000000000000e+02 1.502800000000000011e+02 1.992700000000000102e+02
-7.450499999999999545e+02 -9.118000000000000682e+01 0.000000000000000000e+00 -2.094000000000000057e+02 2.160000000000000142e+00 -1.915930000000000064e+03 -2.060099999999999909e+02 2.441200000000000045e+02 4.077500000000000000e+02 1.171700000000000017e+02
8.745000000000000284e+01 4.265999999999999659e+01 0.000000000000000000e+00 -2.276000000000000156e+01 2.244000000000000128e+01 8.785700000000000500e+02 -5.419400000000000546e+02 -4.134599999999999795e+02 -8.740000000000000213e+00 6.540199999999999818e+02
4.778500000000000227e+02 1.250199999999999960e+02 0.000000000000000000e+00 4.055000000000000000e+02 -7.600000000000000089e-01 1.594700000000000045e+03 -4.076499999999999773e+02 1.153730000000000018e+03 -3.231000000000000227e+01 -2.701299999999999955e+02
1.959499999999999886e+02 8.650000000000000355e+00 0.000000000000000000e+00 8.026999999999999602e+01 -5.919999999999999929e+00 -6.266900000000000546e+02 7.196000000000000227e+02 8.835199999999999818e+02 -1.032399999999999949e+02 3.324700000000000273e+02
-2.151899999999999977e+02 1.305900000000000034e+02 0.000000000000000000e+00 -2.423199999999999932e+02 3.082000000000000028e+01 -2.392440000000000055e+03 -3.796700000000000159e+02 -1.048690000000000055e+03 -2.555200000000000102e+02 7.427100000000000364e+02
-1.389300000000000068e+02 -8.700000000000000000e+01 0.000000000000000000e+00 6.568000000000000682e+01 -3.963000000000000256e+01 3.479710000000000036e+03 7.620399999999999636e+02 -5.597100000000000364e+02 1.420099999999999909e+02 3.986999999999999886e+02
-3.477900000000000205e+02 1.882599999999999909e+02 0.000000000000000000e+00 1.707000000000000028e+01 -4.607999999999999829e+01 -1.428940000000000055e+03 -5.502999999999999545e+02 -5.954700000000000273e+02 3.291700000000000159e+02 -1.264300000000000068e+02
7.284999999999999432e+01 2.963600000000000136e+02 0.000000000000000000e+00 3.384000000000000341e+01 7.570000000000000284e+01 -8.224400000000000546e+02 -6.979400000000000546e+02 2.017160000000000082e+03 -9.090000000000000568e+01 -1.991899999999999977e+02
7.279500000000000455e+02 2.741000000000000227e+02 0.000000000000000000e+00 -1.465099999999999909e+02 8.169999999999999929e+00 1.473799999999999955e+02 5.962899999999999636e+02 -3.436600000000000250e+02 1.637000000000000099e+01 5.433099999999999454e+02
2.748500000000000227e+02 1.054000000000000057e+02 0.000000000000000000e+00 2.234099999999999966e+02 -2.182000000000000028e+01 1.430099999999999909e+03 3.257400000000000091e+02 -2.275300000000000011e+02 -2.094699999999999989e+02 8.196299999999999955e+02
-6.942999999999999545e+02 1.884300000000000068e+02 0.000000000000000000e+00 -1.823999999999999844e+01 -2.655000000000000071e+01 1.955999999999999872e+01 7.037999999999999545e+01 -2.339199999999999875e+02 -5.609000000000000341e+01 5.277000000000000313e+01
-3.349900000000000091e+02 1.286599999999999966e+02 0.000000000000000000e+00 -1.973199999999999932e+02 -1.229999999999999982e+00 -1.554829999999999927e+03 1.217500000000000000e+02 -7.492500000000000000e+02 1.277000000000000028e+02 -1.765500000000000114e+02
7.809000000000000341e+01 3.304499999999999886e+02 0.000000000000000000e+00 -9.042000000000000171e+01 5.597999999999999687e+01 -4.023199999999999932e+02 -4.132500000000000000e+02 5.306399999999999864e+02 3.160000000000000000e+02 4.586399999999999864e+02
4.156299999999999955e+02 2.484000000000000057e+02 0.000000000000000000e+00 2.115500000000000114e+02 -1.506000000000000050e+01 8.759199999999999591e+02 -4.895400000000000205e+02 2.664700000000000273e+02 -3.248999999999999773e+02 7.798500000000000227e+02
3.620099999999999909e+02 1.638600000000000136e+02 0.000000000000000000e+00 9.818000000000000682e+01 -1.621000000000000085e+01 7.606999999999999318e+01 2.742400000000000091e+02 -1.947299999999999898e+02 -1.070400000000000063e+02 -6.163000000000000256e+01
-2.788899999999999864e+02 1.421299999999999955e+02 0.000000000000000000e+00 -2.585500000000000114e+02 -3.125000000000000000e+01 2.506849999999999909e+03 1.358600000000000136e+02 3.335299999999999727e+02 8.184999999999999432e+01 -1.359000000000000057e+02
-6.184199999999999591e+02 9.809999999999999432e+01 0.000000000000000000e+00 -7.209999999999999964e+00 -7.480000000000000426e+00 -2.083780000000000200e+03 2.492800000000000011e+02 -1.455699999999999932e+02 2.535099999999999909e+02 9.028600000000000136e+02
1.926000000000000156e+01 3.047699999999999818e+02 0.000000000000000000e+00 1.758300000000000125e+02 2.667999999999999972e+01 -3.257570000000000164e+03 1.348499999999999943e+02 -9.545299999999999727e+02 6.299999999999999822e+00 1.575999999999999943e+02
5.583300000000000409e+02 1.575600000000000023e+02 0.000000000000000000e+00 -5.939000000000000057e+01 2.841000000000000014e+01 1.754019999999999982e+03 -9.966299999999999955e+02 7.377899999999999636e+02 -3.333799999999999955e+02 2.429099999999999966e+02
1.775300000000000011e+02 7.384000000000000341e+01 0.000000000000000000e+00 1.123700000000000045e+02 -2.283999999999999986e+01 4.617829999999999927e+03 1.680600000000000023e+02 8.707899999999999636e+02 -9.553000000000000114e+01 7.662699999999999818e+02
-2.070600000000000023e+02 -1.436999999999999922e+01 0.000000000000000000e+00 -1.852199999999999989e+02 -6.860999999999999943e+01 -2.498489999999999782e+03 7.952200000000000273e+02 -3.425799999999999841e+02 2.519499999999999886e+02 2.218400000000000034e+02
-2.927699999999999818e+02 1.766399999999999864e+02 0.000000000000000000e+00 -4.834100000000000250e+02 4.232000000000000028e+01 -4.057710000000000036e+03 1.430000000000000000e+02 -1.425869999999999891e+03 1.082699999999999960e+02 3.742000000000000171e+01
-4.143999999999999773e+01 2.304699999999999989e+02 0.000000000000000000e+00 4.359499999999999886e+02 6.239999999999999858e+01 1.142380000000000109e+03 -4.726299999999999955e+02 -1.502999999999999936e+01 -4.867999999999999972e+01 2.600899999999999750e+02
-9.267000000000000171e+01 4.875000000000000000e+01 0.000000000000000000e+00 1.867400000000000091e+02 -1.506000000000000050e+01 3.684820000000000164e+03 -1.121700000000000017e+02 1.045930000000000064e+03 -1.286800000000000068e+02 8.526399999999999864e+02
1.198799999999999955e+02 -1.638899999999999864e+02 0.000000000000000000e+00 3.972999999999999687e+01 -2.923000000000000043e+01 -5.356000000000000227e+02 5.147899999999999636e+02 8.676900000000000546e+02 -2.661600000000000250e+02 7.338500000000000227e+02
5.504400000000000546e+02 -8.684000000000000341e+01 0.000000000000000000e+00 -1.887000000000000099e+01 -4.096999999999999886e+01 -9.379099999999999682e+02 -3.536100000000000136e+02 -2.509900000000000091e+02 2.533199999999999932e+02 -1.754399999999999977e+02
-6.160999999999999943e+01 7.923000000000000398e+01 0.000000000000000000e+00 -3.735099999999999909e+02 1.350000000000000000e+01 -3.020280000000000200e+03 -1.416599999999999966e+02 -2.147699999999999818e+03 4.129599999999999795e+02 9.062000000000000455e+01
-6.339299999999999500e+02 -1.016999999999999993e+01 0.000000000000000000e+00 4.320000000000000284e+00 3.713000000000000256e+01 7.266799999999999500e+02 2.729900000000000091e+02 1.482299999999999898e+02 -8.348000000000000398e+01 6.135199999999999818e+02
-3.224599999999999795e+02 -1.023700000000000045e+02 0.000000000000000000e+00 2.165000000000000000e+02 2.273000000000000043e+01 4.693890000000000327e+03 1.079399999999999977e+02 2.729570000000000164e+03 -4.164900000000000091e+02 2.892500000000000000e+02
6.948999999999999773e+02 -2.590299999999999727e+02 0.000000000000000000e+00 6.376000000000000227e+02 -3.461999999999999744e+01 -2.023170000000000073e+03 -2.889200000000000159e+02 -5.308600000000000136e+02 -1.488400000000000034e+02 1.074960000000000036e+03
2.843600000000000136e+02 -2.429399999999999977e+02 0.000000000000000000e+00 -4.865500000000000114e+02 -3.128999999999999915e+01 -1.840009999999999991e+03 1.440600000000000023e+02 -8.854400000000000546e+02 4.646100000000000136e+02 3.504100000000000250e+02
-2.659700000000000273e+02 4.664999999999999858e+01 0.000000000000000000e+00 -6.946900000000000546e+02 4.049999999999999822e+00 -5.295099999999999909e+02 3.062000000000000099e+01 -2.579700000000000273e+02 2.733799999999999955e+02 1.709099999999999966e+02
-1.797199999999999989e+02 -2.113899999999999864e+02 0.000000000000000000e+00 3.539599999999999795e+02 -1.757999999999999829e+01 1.731680000000000064e+03 -3.494599999999999795e+02 -7.191299999999999955e+02 -4.957599999999999909e+02 -2.953700000000000045e+02
-1.621399999999999864e+02 2.301000000000000156e+01 0.000000000000000000e+00 7.090399999999999636e+02 2.782999999999999829e+01 -1.731899999999999977e+02 1.514099999999999966e+02 4.302099999999999795e+02 -3.023999999999999773e+02 8.910199999999999818e+02
3.479599999999999795e+02 -3.708199999999999932e+02 0.000000000000000000e+00 -2.823899999999999864e+02 3.346999999999999886e+01 1.955079999999999927e+03 5.746100000000000136e+02 1.562069999999999936e+03 2.475099999999999909e+02 5.086299999999999955e+02
-4.041600000000000250e+02 -2.068700000000000045e+02 0.000000000000000000e+00 -6.271699999999999591e+02 -6.159000000000000341e+01 -3.111530000000000200e+03 1.375300000000000011e+02 -3.542500000000000000e+02 3.022799999999999727e+02 1.018730000000000018e+03
5.060000000000000142e+01 7.490000000000000568e+01 0.000000000000000000e+00 2.192999999999999972e+01 4.432999999999999829e+01 -2.807900000000000205e+02 -6.166499999999999773e+02 -1.599170000000000073e+03 3.124700000000000273e+02 5.029999999999999716e+01
7.015499999999999545e+02 -1.798100000000000023e+02 0.000000000000000000e+00 8.872400000000000091e+02 -4.020000000000000284e+01 3.203500000000000227e+02 1.490500000000000114e+02 4.775999999999999801e+01 -6.460800000000000409e+02 -4.467500000000000000e+02
-4.165600000000000023e+02 -2.135900000000000034e+02 0.000000000000000000e+00 -2.845799999999999841e+02 3.492000000000000171e+01 6.475700000000000500e+02 -7.790900000000000318e+02 1.268089999999999918e+03 -1.795500000000000114e+02 5.517799999999999727e+02
-3.187500000000000000e+02 -2.235999999999999943e+01 0.000000000000000000e+00 -5.239099999999999682e+02 1.198000000000000043e+01 2.423889999999999873e+03 4.904700000000000273e+02 -6.598799999999999955e+02 2.215000000000000000e+02 7.578200000000000500e+02
2.122800000000000011e+02 -2.091699999999999875e+02 0.000000000000000000e+00 -1.119599999999999937e+02 -1.828999999999999915e+01 -2.745630000000000109e+03 9.557999999999999545e+02 8.468300000000000409e+02 4.473600000000000136e+02 1.257119999999999891e+03
-1.414000000000000057e+01 -3.514000000000000057e+01 0.000000000000000000e+00 2.972200000000000273e+02 -4.282999999999999829e+01 -9.405599999999999454e+02 -2.940500000000000114e+02 -9.935099999999999909e+02 -8.785999999999999943e+01 4.068999999999999773e+01
3.275000000000000000e+01 -6.921999999999999886e+01 0.000000000000000000e+00 7.408300000000000409e+02 2.244999999999999929e+01 1.915029999999999973e+03 -1.008009999999999991e+03 3.652099999999999795e+02 -1.241400000000000006e+02 -3.215000000000000000e+02
1.256099999999999994e+02 -2.396500000000000057e+02 0.000000000000000000e+00 -4.797900000000000205e+02 2.709999999999999964e+00 8.733500000000000227e+02 5.619600000000000364e+02 6.886399999999999864e+02 -3.335400000000000205e+02 -1.733000000000000114e+02
-6.010000000000000142e+01 -7.043000000000000682e+01 0.000000000000000000e+00 -7.801399999999999864e+02 2.776999999999999957e+01 -1.546400000000000091e+03 2.682200000000000273e+02 -9.497000000000000455e+02 3.260000000000000000e+02 1.313450000000000045e+03
-2.455200000000000102e+02 -1.732599999999999909e+02 0.000000000000000000e+00 3.316999999999999886e+02 7.160000000000000142e+00 3.492699999999999818e+02 -3.142000000000000171e+01 -9.292500000000000000e+02 3.021000000000000085e+01 1.999699999999999989e+02
-8.309000000000000341e+01 -2.783000000000000114e+02 0.000000000000000000e+00 3.695799999999999841e+02 -5.838000000000000256e+01 -1.489470000000000027e+03 1.344600000000000080e+02 9.732300000000000182e+02 -2.373899999999999864e+02 1.007750000000000000e+03
2.169900000000000091e+02 -9.707999999999999829e+01 0.000000000000000000e+00 1.260699999999999932e+02 -3.338000000000000256e+01 2.398710000000000036e+03 1.480800000000000125e+02 1.120539999999999964e+03 7.665999999999999659e+01 -3.316499999999999773e+02
1.463300000000000125e+02 -1.571100000000000136e+02 0.000000000000000000e+00 -4.015699999999999932e+02 6.643000000000000682e+01 -3.137760000000000218e+03 -5.494099999999999682e+02 -7.306100000000000136e+02 3.614800000000000182e+02 -3.590400000000000205e+02
-2.527700000000000102e+02 -9.089999999999999858e+00 0.000000000000000000e+00 -9.237000000000000455e+01 4.553999999999999915e+01 2.077179999999999836e+03 -2.301699999999999875e+02 -1.651630000000000109e+03 -2.154699999999999989e+02 1.195720000000000027e+03
1.905800000000000125e+02 -2.295300000000000011e+02 0.000000000000000000e+00 2.544600000000000080e+02 2.080000000000000071e+01 1.911400000000000091e+03 1.877899999999999920e+02 1.030269999999999982e+03 -5.503000000000000114e+01 7.346399999999999864e+02
1.974499999999999886e+02 -1.799499999999999886e+02 0.000000000000000000e+00 -4.199000000000000199e+01 -1.010900000000000034e+02 -2.375349999999999909e+03 2.611800000000000068e+02 1.115759999999999991e+03 -3.831000000000000227e+01 9.207999999999999829e+01
-2.054600000000000080e+02 -2.787799999999999727e+02 0.000000000000000000e+00 -1.612000000000000099e+01 -5.169999999999999929e+00 -2.625099999999999909e+02 7.360399999999999636e+02 -2.160200000000000102e+02 -2.466100000000000136e+02 2.941999999999999886e+02
-2.426899999999999977e+02 -4.288000000000000256e+01 0.000000000000000000e+00 -1.365200000000000102e+02 2.351000000000000156e+01 -4.534499999999999886e+02 -1.010639999999999986e+03 -3.173299999999999841e+02 5.606100000000000136e+02 1.739999999999999858e+01
-1.524099999999999966e+02 -4.579999999999999716e+01 0.000000000000000000e+00 1.616299999999999955e+02 5.143999999999999773e+01 -3.114499999999999886e+02 -2.294699999999999989e+02 -5.492200000000000273e+02 -2.188300000000000125e+02 1.145569999999999936e+03
4.027699999999999818e+02 -1.335800000000000125e+02 0.000000000000000000e+00 8.918000000000000682e+01 -2.898999999999999844e+01 4.136189999999999600e+03 8.316100000000000136e+02 -5.422300000000000182e+02 -3.707000000000000028e+01 3.605699999999999932e+02
2.464000000000000057e+01 -6.870999999999999375e+01 0.000000000000000000e+00 -1.549499999999999886e+02 -2.383999999999999986e+01 -1.691559999999999945e+03 1.608199999999999932e+02 1.448690000000000055e+03 1.177699999999999960e+02 2.688299999999999841e+02
2.170600000000000023e+02 -8.090999999999999659e+01 0.000000000000000000e+00 -1.284600000000000080e+02 2.770000000000000018e+00 -3.233440000000000055e+03 -1.318600000000000136e+02 -3.556399999999999864e+02 -6.434000000000000341e+01 1.982000000000000028e+01
-3.004800000000000182e+02 2.189000000000000057e+01 0.000000000000000000e+00 3.651999999999999886e+02 7.820000000000000284e+00 7.596200000000000045e+02 -5.088600000000000136e+02 4.489000000000000057e+01 -1.580800000000000125e+02 8.015099999999999909e+02
-1.596599999999999966e+02 2.255999999999999872e+01 0.000000000000000000e+00 -1.395399999999999920e+02 1.379999999999999893e+00 1.914569999999999936e+03 -4.754999999999999716e+01 -4.183000000000000114e+02 2.675099999999999909e+02 5.852100000000000364e+02
2.447500000000000000e+02 1.581599999999999966e+02 0.000000000000000000e+00 -3.249599999999999795e+02 3.553999999999999915e+01 2.268899999999999864e+02 2.178600000000000136e+02 -1.124990000000000009e+03 4.300999999999999801e+01 1.327599999999999909e+02
2.180500000000000114e+02 6.019999999999999574e+00 0.000000000000000000e+00 2.918999999999999773e+02 -4.400999999999999801e+01 -1.651400000000000091e+03 3.204700000000000273e+02 1.421670000000000073e+03 -2.560199999999999818e+02 2.893000000000000114e+02
-1.386299999999999955e+02 -2.055000000000000071e+01 0.000000000000000000e+00 8.984999999999999432e+01 1.140000000000000036e+01 1.422500000000000000e+03 -5.374000000000000199e+01 9.995700000000000500e+02 1.875000000000000000e+01 9.022300000000000182e+02
-1.701699999999999875e+02 1.920699999999999932e+02 0.000000000000000000e+00 -3.411999999999999744e+01 -2.619999999999999929e+01 -6.100099999999999909e+02 -5.474700000000000273e+02 2.076299999999999955e+02 3.021800000000000068e+02 4.391299999999999955e+02
-2.131999999999999886e+02 1.208199999999999932e+02 0.000000000000000000e+00 -2.587799999999999727e+02 -8.810000000000000497e+00 -2.395070000000000164e+03 3.862500000000000000e+02 -1.568930000000000064e+03 -2.292700000000000102e+02 1.998000000000000114e+02
2.031399999999999864e+02 1.401100000000000136e+02 0.000000000000000000e+00 4.357999999999999829e+01 5.732999999999999829e+01 2.615219999999999800e+03 2.497500000000000000e+02 -8.408899999999999864e+02 -4.456000000000000227e+01 2.428000000000000114e+02
-4.167999999999999972e+01 3.121999999999999886e+01 0.000000000000000000e+00 2.228100000000000023e+02 -2.378999999999999915e+01 2.111210000000000036e+03 -4.488199999999999932e+02 5.873899999999999864e+02 -2.580000000000000000e+02 4.864499999999999886e+02
1.928000000000000114e+01 1.082800000000000011e+02 0.000000000000000000e+00 -1.729799999999999898e+02 -3.350000000000000000e+01 -2.606219999999999800e+03 2.473199999999999932e+02 3.183999999999999773e+02 2.417700000000000102e+02 7.026699999999999591e+02
2.835699999999999932e+02 8.879000000000000625e+01 0.000000000000000000e+00 -3.345799999999999841e+02 -1.246000000000000085e+01 -1.094819999999999936e+03 3.421000000000000227e+02 1.050630000000000109e+03 3.169000000000000128e+01 1.882899999999999920e+02
1.518400000000000034e+02 1.805600000000000023e+02 0.000000000000000000e+00 2.692900000000000205e+02 1.457000000000000028e+01 2.210550000000000182e+03 -2.078799999999999955e+02 -2.280000000000000000e+02 -4.909000000000000341e+01 3.808199999999999932e+02
-6.395499999999999545e+02 1.277199999999999989e+02 0.000000000000000000e+00 1.914499999999999886e+02 6.970000000000000284e+01 -9.804700000000000273e+02 3.539000000000000057e+01 -1.490549999999999955e+03 3.528799999999999955e+02 3.508700000000000045e+02
-1.430500000000000114e+02 9.721999999999999886e+01 0.000000000000000000e+00 6.432999999999999829e+01 -3.807000000000000028e+01 -1.097049999999999955e+03 -2.277100000000000080e+02 -1.666899999999999977e+02 -5.043899999999999864e+02 5.656499999999999773e+02
3.878299999999999841e+02 3.621000000000000085e+01 0.000000000000000000e+00 -3.001999999999999957e+01 -1.858999999999999986e+01 2.185900000000000034e+02 -2.748299999999999841e+02 1.117589999999999918e+03 -7.818000000000000682e+01 9.063099999999999454e+02
8.458799999999999955e+02 1.087900000000000063e+02 0.000000000000000000e+00 -1.644799999999999898e+02 -3.720000000000000195e+00 2.022799999999999955e+03 4.101200000000000045e+02 8.850099999999999909e+02 2.643100000000000023e+02 1.752299999999999898e+02
-5.808700000000000045e+02 8.075000000000000000e+01 0.000000000000000000e+00 -3.935799999999999841e+02 2.279999999999999805e+00 -9.456999999999999318e+01 5.687200000000000273e+02 -1.314600000000000080e+02 6.080000000000000071e+00 -1.161899999999999977e+02
-8.726100000000000136e+02 1.155799999999999983e+02 0.000000000000000000e+00 1.883499999999999943e+02 -4.530000000000000249e+00 -1.932700000000000045e+03 -3.507400000000000091e+02 -1.292950000000000045e+03 1.383600000000000136e+02 2.041800000000000068e+02
-5.099999999999999645e+00 1.185400000000000063e+02 0.000000000000000000e+00 3.514800000000000182e+02 -1.415000000000000036e+01 -5.461499999999999773e+02 -5.314600000000000364e+02 7.351000000000000512e+01 -1.253799999999999955e+02 6.407100000000000364e+02
7.199400000000000546e+02 2.150200000000000102e+02 0.000000000000000000e+00 2.819599999999999795e+02 2.346000000000000085e+01 1.350160000000000082e+03 6.762100000000000364e+02 5.770000000000000000e+02 -2.804200000000000159e+02 1.016649999999999977e+03
4.950699999999999932e+02 -2.998999999999999844e+01 0.000000000000000000e+00 -4.318899999999999864e+02 8.869999999999999218e+00 1.890109999999999900e+03 -3.258600000000000136e+02 -2.029900000000000091e+02 -9.303000000000000114e+01 3.220000000000000000e+02
-1.937299999999999898e+02 1.478999999999999915e+01 0.000000000000000000e+00 -4.499900000000000091e+02 -3.921999999999999886e+01 -2.313730000000000018e+03 4.259700000000000273e+02 -3.114700000000000273e+02 5.247000000000000455e+02 2.088300000000000125e+02
-7.860499999999999545e+02 1.323400000000000034e+02 0.000000000000000000e+00 1.434799999999999898e+02 -2.342000000000000171e+01 -1.031730000000000018e+03 7.570000000000000284e+00 1.232380000000000109e+03 1.683300000000000125e+02 1.043599999999999994e+02
-3.659100000000000250e+02 1.951399999999999864e+02 0.000000000000000000e+00 5.157899999999999636e+02 3.173000000000000043e+01 1.909380000000000109e+03 -3.830799999999999841e+02 -1.533809999999999945e+03 -3.228700000000000045e+02 3.001000000000000227e+02
7.013700000000000045e+02 6.898999999999999488e+01 0.000000000000000000e+00 1.215000000000000000e+02 4.400999999999999801e+01 -5.739999999999999858e+01 -4.920699999999999932e+02 -2.180099999999999909e+02 -2.797400000000000091e+02 7.494099999999999682e+02
5.541100000000000136e+02 -4.414999999999999858e+01 0.000000000000000000e+00 -2.733199999999999932e+02 -2.710000000000000142e+01 -1.976240000000000009e+03 4.828000000000000114e+02 1.615849999999999909e+03 1.114500000000000028e+02 9.471200000000000045e+02
