-2.853000000000000114e+01 1.407700000000000102e+02 -6.443999999999999773e+01 -3.069999999999999929e+01 0.000000000000000000e+00 -2.353499999999999943e+02 4.452200000000000273e+02 -2.387700000000000102e+02 -1.246099999999999994e+02 -4.604700000000000273e+02
-1.363600000000000136e+02 -9.554999999999999716e+01 9.240999999999999659e+01 -8.973999999999999488e+01 0.000000000000000000e+00 5.271900000000000546e+02 -6.391200000000000045e+02 3.016200000000000045e+02 1.846299999999999955e+02 -8.560000000000000497e+00
-1.211999999999999922e+01 3.817000000000000171e+01 1.746100000000000136e+02 3.683899999999999864e+02 0.000000000000000000e+00 3.252000000000000313e+01 6.202100000000000364e+02 -2.879800000000000182e+02 -2.209999999999999964e+00 1.683499999999999943e+02
1.596899999999999977e+02 9.017000000000000171e+01 -1.587899999999999920e+02 2.619000000000000128e+01 0.000000000000000000e+00 -2.611200000000000045e+02 -7.851000000000000512e+01 1.558000000000000114e+02 -1.953000000000000114e+01 -5.160999999999999943e+01
-2.782300000000000182e+02 2.687999999999999901e+01 9.659999999999999432e+01 -4.317999999999999972e+01 0.000000000000000000e+00 1.439099999999999966e+02 -6.403000000000000114e+01 2.151999999999999957e+01 -3.382999999999999829e+01 -9.934999999999999432e+01
1.660099999999999909e+02 -1.023799999999999955e+02 1.687999999999999901e+01 2.498899999999999864e+02 0.000000000000000000e+00 -7.664000000000000057e+01 2.329099999999999966e+02 -2.683100000000000023e+02 -6.271000000000000085e+01 2.501999999999999957e+01
-2.093700000000000045e+02 1.936100000000000136e+02 -3.265999999999999659e+01 -1.709399999999999977e+02 0.000000000000000000e+00 7.782999999999999829e+01 -5.036499999999999773e+02 3.882799999999999727e+02 -3.133999999999999986e+01 -3.845000000000000284e+01
2.353199999999999932e+02 -9.584000000000000341e+01 -4.018999999999999773e+01 -2.260999999999999943e+01 0.000000000000000000e+00 -9.535999999999999943e+01 5.321699999999999591e+02 -9.010999999999999943e+01 1.730999999999999872e+01 8.978000000000000114e+01
-1.248100000000000023e+02 -2.934700000000000273e+02 1.830900000000000034e+02 6.912999999999999545e+01 0.000000000000000000e+00 -5.864999999999999858e+01 -2.006800000000000068e+02 -2.769399999999999977e+02 0.000000000000000000e+00 -1.862199999999999989e+02
3.753000000000000114e+01 1.789499999999999886e+02 -2.554300000000000068e+02 1.895500000000000114e+02 0.000000000000000000e+00 4.206200000000000045e+02 -1.639099999999999966e+02 9.631000000000000227e+01 0.000000000000000000e+00 2.367899999999999920e+02
5.720000000000000284e+01 9.503000000000000114e+01 1.550900000000000034e+02 -1.434399999999999977e+02 0.000000000000000000e+00 -4.251399999999999864e+02 6.320499999999999545e+02 2.925000000000000000e+01 -1.135999999999999943e+02 -1.235400000000000063e+02
6.656000000000000227e+01 -1.288700000000000045e+02 -4.207999999999999829e+01 1.217399999999999949e+02 0.000000000000000000e+00 2.893500000000000227e+02 -7.475499999999999545e+02 4.351399999999999864e+02 -2.130999999999999872e+01 1.875300000000000011e+02
-2.329799999999999898e+02 1.314199999999999875e+02 1.647899999999999920e+02 -1.138499999999999943e+02 0.000000000000000000e+00 -1.371599999999999966e+02 7.590000000000000000e+02 -6.346200000000000045e+02 1.513000000000000114e+02 -3.860199999999999818e+02
1.219000000000000057e+02 3.121999999999999886e+02 -3.028799999999999955e+02 1.139099999999999966e+02 0.000000000000000000e+00 -1.192800000000000011e+02 -4.894800000000000182e+02 2.961800000000000068e+02 -1.048400000000000034e+02 1.641399999999999864e+02
1.612700000000000102e+02 -5.031899999999999977e+02 1.805699999999999932e+02 1.169599999999999937e+02 0.000000000000000000e+00 3.443999999999999773e+01 1.407299999999999898e+02 8.417000000000000171e+01 1.803300000000000125e+02 -2.486800000000000068e+02
-2.774800000000000182e+02 3.230799999999999841e+02 2.457700000000000102e+02 -5.385000000000000142e+01 0.000000000000000000e+00 4.336299999999999955e+02 -3.652400000000000091e+02 6.723999999999999488e+01 -1.155600000000000023e+02 3.928600000000000136e+02
2.787699999999999818e+02 2.814900000000000091e+02 -4.434000000000000341e+01 -1.213700000000000045e+02 0.000000000000000000e+00 -4.818000000000000114e+02 4.185199999999999818e+02 -1.289199999999999875e+02 5.332000000000000028e+01 -2.631600000000000250e+02
-1.338700000000000045e+02 -2.023700000000000045e+02 -3.835999999999999943e+01 2.169999999999999929e+00 0.000000000000000000e+00 -4.390999999999999659e+01 -5.436900000000000546e+02 1.585999999999999943e+02 -2.241599999999999966e+02 9.918999999999999773e+01
-1.724499999999999886e+02 -1.980999999999999872e+01 -1.610000000000000098e+00 1.112500000000000000e+02 0.000000000000000000e+00 2.520500000000000114e+02 7.127000000000000455e+02 -3.152200000000000273e+02 1.896000000000000085e+01 1.802899999999999920e+02
1.715200000000000102e+02 -4.799000000000000199e+01 -1.773000000000000043e+01 -1.410600000000000023e+02 0.000000000000000000e+00 1.522000000000000064e+01 -3.843899999999999864e+02 -3.107000000000000028e+01 9.310999999999999943e+01 -1.528199999999999932e+02
1.517700000000000102e+02 -1.334199999999999875e+02 7.320000000000000284e+01 2.358999999999999986e+01 0.000000000000000000e+00 -1.533199999999999932e+02 1.099599999999999937e+02 7.950000000000000178e+00 2.248999999999999844e+01 5.699999999999999512e-01
-1.676500000000000057e+02 2.877099999999999795e+02 -3.800999999999999801e+01 6.637000000000000455e+01 0.000000000000000000e+00 9.593999999999999773e+01 -9.004999999999999716e+01 2.263100000000000023e+02 -6.798000000000000398e+01 2.007000000000000028e+01
5.121000000000000085e+01 -3.723899999999999864e+02 2.507000000000000028e+01 6.787000000000000455e+01 0.000000000000000000e+00 -6.360000000000000320e+00 2.361699999999999875e+02 1.927400000000000091e+02 1.025999999999999979e+01 2.307100000000000080e+02
7.595999999999999375e+01 3.101800000000000068e+02 8.995999999999999375e+01 -3.021200000000000045e+02 0.000000000000000000e+00 9.620999999999999375e+01 -1.892400000000000091e+02 -2.675099999999999909e+02 -8.648000000000000398e+01 -2.934300000000000068e+02
-2.716000000000000014e+01 -7.212000000000000455e+01 2.172599999999999909e+02 -3.772999999999999687e+01 0.000000000000000000e+00 2.144000000000000128e+01 3.066000000000000014e+01 2.816000000000000014e+01 3.792999999999999972e+01 2.083499999999999943e+02
-1.612999999999999901e+01 -4.913000000000000256e+01 -1.824600000000000080e+02 1.905999999999999872e+01 0.000000000000000000e+00 -1.702500000000000000e+02 -2.122599999999999909e+02 2.495500000000000114e+02 8.609999999999999432e+00 -3.679399999999999977e+02
2.701000000000000156e+01 -2.676999999999999957e+01 -5.317000000000000171e+01 2.314999999999999858e+01 0.000000000000000000e+00 1.682599999999999909e+02 4.851100000000000136e+02 -2.487899999999999920e+02 4.389000000000000057e+01 2.531599999999999966e+02
-9.154000000000000625e+01 -8.515000000000000568e+01 1.543000000000000114e+02 -4.359000000000000341e+01 0.000000000000000000e+00 -2.038100000000000023e+02 -5.754700000000000273e+02 5.822999999999999687e+01 -2.353600000000000136e+02 -3.456299999999999955e+02
7.450000000000000178e+00 1.606899999999999977e+02 6.879999999999999893e+00 -5.546000000000000085e+01 0.000000000000000000e+00 -2.051999999999999886e+02 6.893000000000000682e+01 -8.992000000000000171e+01 1.840800000000000125e+02 6.288700000000000045e+02
-2.310600000000000023e+02 7.968999999999999773e+01 1.208999999999999986e+01 -4.572500000000000000e+02 0.000000000000000000e+00 4.315099999999999909e+02 5.901900000000000546e+02 1.502100000000000080e+02 5.300000000000000000e+01 -2.520999999999999943e+02
1.696200000000000045e+02 -8.971999999999999886e+01 -9.839000000000000057e+01 4.085799999999999841e+02 0.000000000000000000e+00 2.719999999999999929e+01 -4.976200000000000045e+02 1.065199999999999960e+02 7.010999999999999943e+01 -4.573399999999999750e+02
1.791200000000000045e+02 8.315000000000000568e+01 2.288899999999999864e+02 6.607999999999999829e+01 0.000000000000000000e+00 8.987999999999999545e+01 4.014300000000000068e+02 -1.489699999999999989e+02 -1.330900000000000034e+02 4.822599999999999909e+02
-2.225399999999999920e+02 8.915999999999999659e+01 2.589000000000000057e+01 -2.122500000000000000e+02 0.000000000000000000e+00 -3.443299999999999841e+02 -5.239500000000000455e+02 1.657299999999999898e+02 6.667000000000000171e+01 6.043999999999999773e+01
7.384999999999999432e+01 4.889999999999999858e+01 -3.353799999999999955e+02 1.341999999999999993e+01 0.000000000000000000e+00 -1.095100000000000051e+02 2.951200000000000045e+02 -3.433299999999999841e+02 -4.421000000000000085e+01 -2.099600000000000080e+02
1.079599999999999937e+02 -1.375999999999999979e+01 7.515999999999999659e+01 -2.367899999999999920e+02 0.000000000000000000e+00 2.403499999999999943e+02 7.389999999999999680e+00 -1.674399999999999977e+02 4.039000000000000057e+01 8.570999999999999375e+01
-1.241200000000000045e+02 -3.260999999999999943e+01 -2.717999999999999972e+01 1.625200000000000102e+02 0.000000000000000000e+00 2.217599999999999909e+02 7.059999999999999609e+00 2.875199999999999818e+02 -1.350999999999999979e+01 -1.463300000000000125e+02
-1.997599999999999909e+02 -6.089999999999999858e+01 8.318000000000000682e+01 -9.368000000000000682e+01 0.000000000000000000e+00 -3.971000000000000227e+02 -2.123100000000000023e+02 4.014499999999999886e+02 -4.392000000000000171e+01 -3.073999999999999844e+01
2.463400000000000034e+02 1.887999999999999901e+01 1.376200000000000045e+02 -1.139300000000000068e+02 0.000000000000000000e+00 8.348000000000000398e+01 5.529299999999999500e+02 -1.712800000000000011e+02 -2.890000000000000124e+00 5.554999999999999716e+01
5.021999999999999886e+01 -1.240000000000000036e+01 -1.506100000000000136e+02 1.183100000000000023e+02 0.000000000000000000e+00 1.372100000000000080e+02 -4.390199999999999818e+02 5.160999999999999943e+01 7.631000000000000227e+01 3.212200000000000273e+02
-3.350999999999999801e+01 1.319399999999999977e+02 -1.342500000000000000e+02 -2.505500000000000114e+02 0.000000000000000000e+00 -3.060500000000000114e+02 1.077300000000000040e+02 -1.745900000000000034e+02 -7.710999999999999943e+01 -1.769199999999999875e+02
-9.454000000000000625e+01 -1.168100000000000023e+02 8.390000000000000568e+01 4.010000000000000142e+01 0.000000000000000000e+00 4.971899999999999977e+02 1.225300000000000011e+02 -2.738600000000000136e+02 1.642999999999999972e+01 -6.093999999999999773e+01
4.053999999999999915e+01 -8.929999999999999716e+01 4.959999999999999964e+00 9.480000000000000426e+00 0.000000000000000000e+00 -1.797899999999999920e+02 -2.184199999999999875e+02 3.326299999999999955e+02 4.810000000000000142e+01 -4.742999999999999972e+01
5.392000000000000171e+01 2.741000000000000014e+01 -2.323899999999999864e+02 4.563000000000000256e+01 0.000000000000000000e+00 -5.041899999999999977e+02 1.973199999999999932e+02 -1.759799999999999898e+02 6.901000000000000512e+01 -4.338000000000000256e+01
-1.582800000000000011e+02 1.681399999999999864e+02 9.775000000000000000e+01 -1.730300000000000011e+02 0.000000000000000000e+00 6.219600000000000364e+02 -1.884199999999999875e+02 4.213899999999999864e+02 -9.151999999999999602e+01 -5.564000000000000057e+01
1.315500000000000114e+02 -8.628000000000000114e+01 1.677400000000000091e+02 1.175999999999999979e+01 0.000000000000000000e+00 3.756000000000000227e+01 2.983899999999999864e+02 -4.549999999999999822e+00 -1.304000000000000057e+02 3.725999999999999801e+01
6.790999999999999659e+01 1.327100000000000080e+02 -6.389000000000000057e+01 -9.376000000000000512e+01 0.000000000000000000e+00 -4.857500000000000000e+02 -4.490000000000000213e+00 -5.132699999999999818e+02 4.274000000000000199e+01 6.665000000000000568e+01
-3.531000000000000227e+01 -5.059000000000000341e+01 2.180999999999999872e+01 -2.511800000000000068e+02 0.000000000000000000e+00 1.430699999999999932e+02 -1.490000000000000000e+02 7.676999999999999602e+01 3.428999999999999915e+01 1.569799999999999898e+02
-1.284999999999999964e+01 -7.562999999999999545e+01 -4.442000000000000171e+01 5.367000000000000171e+01 0.000000000000000000e+00 4.615799999999999841e+02 -2.051699999999999875e+02 2.250999999999999943e+02 -1.610999999999999943e+02 9.603000000000000114e+01
1.955000000000000071e+01 -4.550999999999999801e+01 1.427999999999999936e+01 2.076999999999999957e+01 0.000000000000000000e+00 -4.557200000000000273e+02 2.651800000000000068e+02 -4.214999999999999858e+01 1.894300000000000068e+02 -5.617100000000000364e+02
1.770000000000000018e+00 -8.481999999999999318e+01 -6.826000000000000512e+01 -6.246999999999999886e+01 0.000000000000000000e+00 -2.136500000000000057e+02 2.321000000000000085e+01 1.309199999999999875e+02 -7.957999999999999829e+01 2.978000000000000114e+02
-1.653199999999999932e+02 3.371999999999999886e+01 -5.831000000000000227e+01 -1.070300000000000011e+02 0.000000000000000000e+00 5.702000000000000455e+02 -1.272300000000000040e+02 7.729000000000000625e+01 1.258000000000000007e+01 1.591999999999999886e+02
8.373000000000000398e+01 5.945000000000000284e+01 1.061800000000000068e+02 -3.527000000000000313e+01 0.000000000000000000e+00 -9.775000000000000000e+01 2.709100000000000250e+02 -2.256399999999999864e+02 -5.282999999999999829e+01 -3.073500000000000227e+02
-1.108999999999999986e+01 9.100000000000000311e-01 -4.465999999999999659e+01 -8.565999999999999659e+01 0.000000000000000000e+00 -3.965500000000000114e+02 -9.098999999999999488e+01 -6.239999999999999858e+01 -1.058000000000000007e+01 2.233999999999999986e+01
6.712999999999999545e+01 1.259099999999999966e+02 -2.364000000000000057e+01 1.078900000000000006e+02 0.000000000000000000e+00 4.385999999999999943e+01 -3.559000000000000341e+01 2.116899999999999977e+02 -2.092400000000000091e+02 4.597099999999999795e+02
-2.651000000000000156e+01 1.418199999999999932e+02 -4.782000000000000028e+01 -2.241399999999999864e+02 0.000000000000000000e+00 8.418000000000000682e+01 1.784900000000000091e+02 -2.270999999999999943e+02 6.040999999999999659e+01 -4.646600000000000250e+02
3.382999999999999829e+01 -3.669399999999999977e+02 2.109999999999999876e+00 1.994000000000000128e+01 0.000000000000000000e+00 2.502800000000000011e+02 -4.144599999999999795e+02 2.591600000000000250e+02 1.816800000000000068e+02 1.579199999999999875e+02
-3.600000000000000000e+01 6.025000000000000000e+01 -1.635999999999999943e+01 -3.198999999999999844e+01 0.000000000000000000e+00 -6.162200000000000273e+02 1.065799999999999983e+02 1.235699999999999932e+02 -1.018799999999999955e+02 -3.765999999999999659e+01
1.491000000000000014e+01 -1.025000000000000000e+01 -8.139000000000000057e+01 -2.646999999999999886e+01 0.000000000000000000e+00 3.767099999999999795e+02 5.408099999999999454e+02 -3.974800000000000182e+02 -4.160000000000000142e+00 2.207999999999999829e+01
-4.269999999999999574e+00 2.105999999999999943e+02 6.765000000000000568e+01 -9.062000000000000455e+01 0.000000000000000000e+00 2.353700000000000045e+02 -5.579800000000000182e+02 2.177100000000000080e+02 4.379999999999999893e+00 -1.670600000000000023e+02
-5.039999999999999858e+01 -1.966000000000000014e+01 1.714999999999999858e+01 -3.604999999999999716e+01 0.000000000000000000e+00 -4.755899999999999750e+02 5.984000000000000341e+01 9.529999999999999361e+00 -2.400000000000000000e+01 9.510999999999999943e+01
4.217000000000000171e+01 3.636999999999999744e+01 -5.719999999999999751e+00 1.285500000000000114e+02 0.000000000000000000e+00 9.778000000000000114e+01 2.938299999999999841e+02 6.386999999999999744e+01 7.381000000000000227e+01 2.505000000000000071e+01
1.671999999999999886e+02 5.902000000000000313e+01 -1.169999999999999929e+00 -1.387899999999999920e+02 0.000000000000000000e+00 6.043999999999999773e+01 -8.868999999999999773e+01 4.269999999999999574e+00 -8.204999999999999716e+01 8.140999999999999659e+01
-2.806800000000000068e+02 -1.458000000000000007e+01 -5.540999999999999659e+01 -2.402400000000000091e+02 0.000000000000000000e+00 1.185199999999999960e+02 -3.928000000000000114e+01 -4.313500000000000227e+02 9.479999999999999716e+01 -2.033999999999999986e+01
5.142000000000000171e+01 -3.030500000000000114e+02 -8.215000000000000568e+01 2.975000000000000000e+01 0.000000000000000000e+00 2.644900000000000091e+02 -2.226699999999999875e+02 4.556399999999999864e+02 4.346999999999999886e+01 -1.591800000000000068e+02
5.125000000000000000e+01 2.090699999999999932e+02 -4.160000000000000142e+00 5.035999999999999943e+01 0.000000000000000000e+00 -5.271399999999999864e+02 2.656299999999999955e+02 -2.395600000000000023e+02 -1.272500000000000000e+02 2.762000000000000099e+01
-1.323899999999999864e+02 7.301000000000000512e+01 -2.601999999999999957e+01 -6.357999999999999829e+01 0.000000000000000000e+00 7.712000000000000455e+01 1.851200000000000045e+02 6.206000000000000227e+01 3.627000000000000313e+01 3.793999999999999773e+01
8.664000000000000057e+01 1.363100000000000023e+02 -2.632000000000000028e+01 6.370000000000000284e+01 0.000000000000000000e+00 2.026599999999999966e+02 -3.497300000000000182e+02 2.411299999999999955e+02 6.568999999999999773e+01 3.889599999999999795e+02
-5.447999999999999687e+01 -4.135999999999999943e+01 -1.151099999999999994e+02 5.480000000000000426e+00 0.000000000000000000e+00 -1.298000000000000043e+01 1.157500000000000000e+02 3.557000000000000028e+01 -9.070000000000000284e+01 -3.280500000000000114e+02
2.173400000000000034e+02 -1.294499999999999886e+02 8.142000000000000171e+01 -2.657000000000000028e+01 0.000000000000000000e+00 -7.929000000000000625e+01 1.235799999999999983e+02 -1.661800000000000068e+02 1.754300000000000068e+02 -7.204000000000000625e+01
-1.628300000000000125e+02 1.653499999999999943e+02 -9.337000000000000455e+01 -1.179200000000000017e+02 0.000000000000000000e+00 -1.267199999999999989e+02 -1.337100000000000080e+02 -2.167899999999999920e+02 -5.728000000000000114e+01 -7.026000000000000512e+01
-6.304999999999999716e+01 -1.456399999999999864e+02 5.607000000000000028e+01 -1.142199999999999989e+02 0.000000000000000000e+00 3.580000000000000000e+02 1.128400000000000034e+02 1.715900000000000034e+02 6.465999999999999659e+01 2.520699999999999932e+02
-1.835999999999999943e+01 3.922799999999999727e+02 -5.253999999999999915e+01 1.810800000000000125e+02 0.000000000000000000e+00 -8.340999999999999659e+01 -2.583500000000000227e+02 6.046999999999999886e+01 -1.039399999999999977e+02 -2.941399999999999864e+02
8.151999999999999602e+01 -2.379499999999999886e+02 -1.336599999999999966e+02 -3.238000000000000256e+01 0.000000000000000000e+00 -3.072699999999999818e+02 3.580899999999999750e+02 -8.309999999999999432e+01 -3.030000000000000071e+01 5.624000000000000199e+01
-1.359900000000000091e+02 -1.790300000000000011e+02 8.521999999999999886e+01 -8.768999999999999773e+01 0.000000000000000000e+00 2.978999999999999915e+01 6.570000000000000284e+01 3.521999999999999886e+01 4.834000000000000341e+01 -6.317000000000000171e+01
-7.143000000000000682e+01 1.660699999999999932e+02 -5.256000000000000227e+01 -7.593999999999999773e+01 0.000000000000000000e+00 2.143899999999999864e+02 -2.793199999999999932e+02 1.594900000000000091e+02 -6.364000000000000057e+01 1.548100000000000023e+02
1.402199999999999989e+02 2.014000000000000057e+01 -1.889000000000000057e+01 8.226000000000000512e+01 0.000000000000000000e+00 6.940000000000000391e+00 5.013999999999999773e+02 -3.584399999999999977e+02 7.280000000000000249e+00 3.690299999999999727e+02
-9.039999999999999147e+00 7.773999999999999488e+01 -8.679999999999999716e+01 -1.346000000000000085e+01 0.000000000000000000e+00 1.139599999999999937e+02 -4.164499999999999886e+02 2.570299999999999727e+02 5.800999999999999801e+01 -4.208399999999999750e+02
1.996000000000000085e+01 -6.260999999999999943e+01 -6.929999999999999716e+01 2.393799999999999955e+02 0.000000000000000000e+00 -3.496999999999999886e+01 1.184000000000000057e+02 2.600000000000000089e+00 -1.103199999999999932e+02 1.803199999999999932e+02
1.787999999999999901e+01 8.831999999999999318e+01 4.809000000000000341e+01 -1.461399999999999864e+02 0.000000000000000000e+00 -4.159000000000000341e+01 -1.157099999999999937e+02 -4.464999999999999858e+01 5.060000000000000142e+01 -1.430800000000000125e+02
-5.646000000000000085e+01 -1.207399999999999949e+02 -7.530000000000000249e+00 -2.556899999999999977e+02 0.000000000000000000e+00 -1.697500000000000000e+02 2.410600000000000023e+02 1.589000000000000057e+01 -1.282299999999999898e+02 -4.178999999999999915e+01
3.209999999999999964e+00 5.520000000000000284e+01 -1.066700000000000017e+02 6.885999999999999943e+01 0.000000000000000000e+00 7.057999999999999829e+01 -1.396599999999999966e+02 1.740800000000000125e+02 2.070800000000000125e+02 1.788100000000000023e+02
5.229999999999999716e+01 -4.349000000000000199e+01 3.289000000000000057e+01 1.947400000000000091e+02 0.000000000000000000e+00 5.077000000000000313e+01 -2.142100000000000080e+02 3.030000000000000071e+01 4.325999999999999801e+01 -2.744399999999999977e+02
1.248400000000000034e+02 1.243400000000000034e+02 -2.087000000000000099e+01 5.415999999999999659e+01 0.000000000000000000e+00 2.328600000000000136e+02 1.858000000000000114e+02 -1.556500000000000057e+02 -9.184999999999999432e+01 -7.295999999999999375e+01
-1.281299999999999955e+02 -2.503000000000000114e+01 -5.042999999999999972e+01 -1.859499999999999886e+02 0.000000000000000000e+00 -3.115400000000000205e+02 7.799999999999999822e+00 -2.353899999999999864e+02 5.838000000000000256e+01 2.138499999999999943e+02
-4.374000000000000199e+01 2.344999999999999929e+01 -5.300999999999999801e+01 5.197999999999999687e+01 0.000000000000000000e+00 1.998999999999999844e+01 1.130199999999999960e+02 1.220000000000000000e+02 -4.895000000000000284e+01 -1.624699999999999989e+02
1.825000000000000000e+01 1.493999999999999950e+01 -1.989999999999999991e+00 5.357000000000000028e+01 0.000000000000000000e+00 9.531000000000000227e+01 -1.696299999999999955e+02 4.421999999999999886e+01 9.493999999999999773e+01 1.233999999999999986e+01
-4.310000000000000142e+01 -1.074899999999999949e+02 5.889999999999999680e+00 -1.036700000000000017e+02 0.000000000000000000e+00 2.296800000000000068e+02 8.729999999999999716e+01 2.145099999999999909e+02 -1.104599999999999937e+02 1.268100000000000023e+02
7.406000000000000227e+01 1.192999999999999972e+02 1.748000000000000043e+01 2.132899999999999920e+02 0.000000000000000000e+00 -3.570799999999999841e+02 9.548000000000000398e+01 -2.321399999999999864e+02 -1.372299999999999898e+02 7.401999999999999602e+01
-9.029000000000000625e+01 -3.392200000000000273e+02 -5.022999999999999687e+01 -1.318700000000000045e+02 0.000000000000000000e+00 1.480399999999999920e+02 2.081100000000000136e+02 -1.528199999999999932e+02 1.338000000000000114e+02 -1.970699999999999932e+02
-1.901000000000000156e+01 4.412500000000000000e+02 -3.243600000000000136e+02 5.057000000000000028e+01 0.000000000000000000e+00 1.896599999999999966e+02 -2.980099999999999909e+02 4.070099999999999909e+02 -1.341000000000000014e+01 1.655699999999999932e+02
2.045200000000000102e+02 -1.424600000000000080e+02 1.755099999999999909e+02 -8.693999999999999773e+01 0.000000000000000000e+00 -1.196500000000000057e+02 -4.834000000000000341e+01 -5.645000000000000284e+01 -4.659000000000000341e+01 -1.053100000000000023e+02
-5.146999999999999886e+01 -2.024799999999999898e+02 -9.275000000000000000e+01 1.706999999999999886e+02 0.000000000000000000e+00 -3.164100000000000250e+02 2.673700000000000045e+02 -1.863400000000000034e+02 -6.017000000000000171e+01 -2.422599999999999909e+02
-1.476899999999999977e+02 6.701000000000000512e+01 3.069999999999999840e+00 -2.428100000000000023e+02 0.000000000000000000e+00 2.757599999999999909e+02 -2.771200000000000045e+02 7.789000000000000057e+01 7.951999999999999602e+01 5.567999999999999545e+02
1.559000000000000057e+02 5.990999999999999659e+01 -4.788000000000000256e+01 2.689999999999999858e+01 0.000000000000000000e+00 1.694900000000000091e+02 4.632999999999999829e+01 -1.020000000000000018e+00 2.999999999999999889e-01 -5.836000000000000227e+02
1.050999999999999979e+01 1.084699999999999989e+02 1.222500000000000000e+02 1.629300000000000068e+02 0.000000000000000000e+00 -2.216599999999999966e+02 2.077899999999999920e+02 4.692999999999999972e+01 3.750999999999999801e+01 1.638199999999999932e+02
1.585999999999999943e+01 -7.256999999999999318e+01 -5.279999999999999716e+01 -1.298799999999999955e+02 0.000000000000000000e+00 -1.561800000000000068e+02 -1.860699999999999932e+02 5.919999999999999929e+00 1.240400000000000063e+02 -3.892000000000000171e+01
-2.148799999999999955e+02 -2.716700000000000159e+02 -1.100400000000000063e+02 1.408999999999999986e+01 0.000000000000000000e+00 2.507199999999999989e+02 3.090400000000000205e+02 -1.456899999999999977e+02 -1.038499999999999943e+02 3.412200000000000273e+02
1.271899999999999977e+02 2.662200000000000273e+02 1.530200000000000102e+02 2.905000000000000071e+01 0.000000000000000000e+00 5.636999999999999744e+01 -2.628700000000000045e+02 1.316500000000000057e+02 1.129899999999999949e+02 -2.245200000000000102e+02
3.053999999999999915e+01 1.554600000000000080e+02 -2.375800000000000125e+02 3.130000000000000071e+01 0.000000000000000000e+00 -6.357999999999999829e+01 -1.592999999999999972e+01 -1.309699999999999989e+02 -1.056599999999999966e+02 -7.029000000000000625e+01
-8.748000000000000398e+01 -9.810999999999999943e+01 5.727000000000000313e+01 2.199900000000000091e+02 0.000000000000000000e+00 -1.768199999999999932e+02 3.098000000000000043e+01 -1.060000000000000000e+02 2.894999999999999929e+01 1.073799999999999955e+02
-3.085999999999999943e+01 1.397700000000000102e+02 3.599999999999999867e-01 -3.014399999999999977e+02 0.000000000000000000e+00 5.545000000000000284e+01 1.822299999999999898e+02 4.322200000000000273e+02 -8.143000000000000682e+01 -1.157800000000000011e+02
1.236700000000000017e+02 -1.967800000000000011e+02 3.660000000000000142e+00 9.229999999999999716e+01 0.000000000000000000e+00 1.815500000000000114e+02 1.583700000000000045e+02 -2.060399999999999920e+02 -2.530000000000000071e+01 1.379699999999999989e+02
-3.439999999999999858e+01 1.935000000000000000e+02 -1.095199999999999960e+02 -8.545999999999999375e+01 0.000000000000000000e+00 -6.359000000000000341e+01 -3.147400000000000091e+02 -2.160999999999999943e+01 1.576999999999999886e+02 -1.543700000000000045e+02
-1.646599999999999966e+02 -2.126599999999999966e+02 4.974000000000000199e+01 2.508100000000000023e+02 0.000000000000000000e+00 3.892000000000000171e+01 4.893199999999999932e+02 -2.229399999999999977e+02 -7.873999999999999488e+01 1.001800000000000068e+02
1.150300000000000011e+02 6.895999999999999375e+01 -6.532999999999999829e+01 -2.673100000000000023e+02 0.000000000000000000e+00 -5.685000000000000142e+01 -9.142000000000000455e+02 4.454800000000000182e+02 -1.930699999999999932e+02 -6.096999999999999886e+01
-1.230600000000000023e+02 4.107999999999999829e+01 5.650999999999999801e+01 1.462599999999999909e+02 0.000000000000000000e+00 5.271000000000000085e+01 8.744700000000000273e+02 -3.585299999999999727e+02 3.936999999999999744e+01 1.233100000000000023e+02
1.234500000000000028e+02 -9.367000000000000171e+01 -3.449000000000000199e+01 -1.173199999999999932e+02 0.000000000000000000e+00 -8.290999999999999659e+01 -4.493899999999999864e+02 1.917599999999999909e+02 1.633799999999999955e+02 -2.303700000000000045e+02
-1.410200000000000102e+02 5.254999999999999716e+01 -2.507000000000000028e+01 3.073000000000000043e+01 0.000000000000000000e+00 -1.459099999999999966e+02 5.234299999999999500e+02 1.630999999999999872e+01 -8.949999999999999289e+00 4.036800000000000068e+02
2.293300000000000125e+02 4.846999999999999886e+01 4.047999999999999687e+01 7.817000000000000171e+01 0.000000000000000000e+00 3.993000000000000114e+02 -2.528799999999999955e+02 2.069699999999999989e+02 -1.559799999999999898e+02 -1.458899999999999864e+02
2.844999999999999929e+01 -5.000000000000000278e-02 1.792100000000000080e+02 1.218900000000000006e+02 0.000000000000000000e+00 -3.281000000000000227e+01 -2.663000000000000114e+02 -1.948100000000000023e+02 2.724599999999999795e+02 -1.723400000000000034e+02
-2.096800000000000068e+02 7.845000000000000284e+01 -7.723999999999999488e+01 -8.468999999999999773e+01 0.000000000000000000e+00 -3.340899999999999750e+02 3.005400000000000205e+02 -2.746700000000000159e+02 -1.092999999999999972e+02 -8.301000000000000512e+01
-7.762999999999999545e+01 -2.731200000000000045e+02 -1.272999999999999972e+02 -2.492599999999999909e+02 0.000000000000000000e+00 2.919800000000000182e+02 -1.428400000000000034e+02 3.563100000000000023e+02 -8.975000000000000000e+01 3.932999999999999829e+01
1.669199999999999875e+02 2.513799999999999955e+02 -5.759999999999999787e+00 1.577800000000000011e+02 0.000000000000000000e+00 6.307999999999999829e+01 -5.879999999999999716e+01 -1.054000000000000057e+02 -6.263000000000000256e+01 6.870999999999999375e+01
2.198999999999999844e+01 -9.073999999999999488e+01 -5.597999999999999687e+01 7.450000000000000178e+00 0.000000000000000000e+00 -2.953000000000000114e+02 1.176400000000000006e+02 4.899999999999999911e-01 2.500000000000000000e+02 -3.057200000000000273e+02
-1.477199999999999989e+02 1.033599999999999994e+02 2.436999999999999886e+02 -1.935000000000000142e+01 0.000000000000000000e+00 1.214699999999999989e+02 1.558400000000000034e+02 9.235999999999999943e+01 -2.550600000000000023e+02 2.844499999999999886e+02
-4.217999999999999972e+01 1.882999999999999829e+01 -1.847599999999999909e+02 -1.958899999999999864e+02 0.000000000000000000e+00 2.645799999999999841e+02 -9.237000000000000455e+01 -1.114300000000000068e+02 5.235000000000000142e+01 -2.282999999999999829e+01
8.526999999999999602e+01 -8.132999999999999829e+01 -9.330000000000000071e+00 2.306399999999999864e+02 0.000000000000000000e+00 3.296000000000000085e+01 -3.515199999999999818e+02 2.233999999999999986e+01 1.334999999999999964e+01 -1.162699999999999960e+02
6.153999999999999915e+01 -4.496000000000000085e+01 3.407999999999999829e+01 4.902000000000000313e+01 0.000000000000000000e+00 -2.736200000000000045e+02 3.501000000000000227e+02 -5.653999999999999915e+01 4.067000000000000171e+01 2.411200000000000045e+02
6.959999999999999964e+00 2.758999999999999773e+02 1.286299999999999955e+02 -2.822099999999999795e+02 0.000000000000000000e+00 9.848999999999999488e+01 -3.617000000000000171e+01 -2.476999999999999957e+01 -1.738199999999999932e+02 -1.365500000000000114e+02
-1.172000000000000028e+02 -1.159200000000000017e+02 -1.570800000000000125e+02 1.675399999999999920e+02 0.000000000000000000e+00 8.054999999999999716e+01 -1.445399999999999920e+02 1.549900000000000091e+02 1.460800000000000125e+02 3.731000000000000227e+01
5.979999999999999716e+01 5.278999999999999915e+01 1.509099999999999966e+02 -8.784999999999999432e+01 0.000000000000000000e+00 -3.961499999999999773e+02 7.353000000000000114e+01 -2.938999999999999773e+02 7.096999999999999886e+01 -1.103599999999999994e+02
-3.282999999999999829e+01 8.701000000000000512e+01 -1.257699999999999960e+02 2.576299999999999955e+02 0.000000000000000000e+00 2.657400000000000091e+02 -5.789999999999999858e+01 3.628700000000000045e+02 -2.943299999999999841e+02 9.023999999999999488e+01
6.892000000000000171e+01 -1.051400000000000006e+02 -4.000000000000000000e+01 -1.667299999999999898e+02 0.000000000000000000e+00 3.670000000000000284e+01 2.321500000000000057e+02 7.580000000000000071e+00 1.214000000000000057e+02 -3.395099999999999909e+02
1.166899999999999977e+02 1.093999999999999950e+01 9.429000000000000625e+01 2.537899999999999920e+02 0.000000000000000000e+00 1.069800000000000040e+02 -1.324300000000000068e+02 -2.406500000000000057e+02 5.045000000000000284e+01 2.578000000000000114e+02
-1.623899999999999864e+02 4.496000000000000085e+01 1.444600000000000080e+02 -2.358499999999999943e+02 0.000000000000000000e+00 -1.696899999999999977e+02 -3.030799999999999841e+02 6.831000000000000227e+01 6.587999999999999545e+01 -5.625000000000000000e+01
4.572999999999999687e+01 -1.680900000000000034e+02 -3.137999999999999901e+01 6.132000000000000028e+01 0.000000000000000000e+00 1.361899999999999977e+02 3.675000000000000000e+02 3.367400000000000091e+02 -1.934300000000000068e+02 7.679000000000000625e+01
4.567999999999999972e+01 3.138199999999999932e+02 -8.981999999999999318e+01 -3.057000000000000028e+01 0.000000000000000000e+00 1.319699999999999989e+02 -1.043999999999999950e+01 -4.891100000000000136e+02 1.534499999999999886e+02 1.275699999999999932e+02
-1.553100000000000023e+02 -1.403100000000000023e+02 -2.030999999999999872e+01 8.790999999999999659e+01 0.000000000000000000e+00 -2.739800000000000182e+02 -2.196399999999999864e+02 7.900000000000000000e+01 8.599999999999999645e+00 -2.326599999999999966e+02
1.659199999999999875e+02 1.201700000000000017e+02 1.618499999999999943e+02 -1.836899999999999977e+02 0.000000000000000000e+00 8.948999999999999488e+01 2.076800000000000068e+02 2.557299999999999898e+02 -9.289999999999999147e+00 3.600000000000000089e+00
-4.586999999999999744e+01 5.099000000000000199e+01 2.732300000000000182e+02 9.467000000000000171e+01 0.000000000000000000e+00 -9.034000000000000341e+01 -2.402800000000000011e+02 8.243999999999999773e+01 3.465999999999999659e+01 4.702799999999999727e+02
-1.360999999999999943e+01 7.849999999999999645e+00 -2.457000000000000028e+01 8.726000000000000512e+01 0.000000000000000000e+00 3.322400000000000091e+02 5.542799999999999727e+02 -3.924300000000000068e+02 5.996999999999999886e+01 -2.767900000000000205e+02
-4.907000000000000028e+01 -5.240000000000000213e+00 -1.884799999999999898e+02 -1.280699999999999932e+02 0.000000000000000000e+00 -5.949000000000000199e+01 -4.107699999999999818e+02 4.231499999999999773e+02 -9.212000000000000455e+01 6.790999999999999659e+01
-7.690999999999999659e+01 -1.858700000000000045e+02 -5.418999999999999773e+01 4.860999999999999943e+01 0.000000000000000000e+00 -1.678100000000000023e+02 5.064999999999999858e+01 -2.732200000000000273e+02 -6.681000000000000227e+01 -6.151399999999999864e+02
1.479600000000000080e+02 -3.123000000000000043e+01 2.121500000000000057e+02 1.201099999999999994e+02 0.000000000000000000e+00 -2.902900000000000205e+02 -1.562899999999999920e+02 -2.959499999999999886e+02 3.560000000000000142e+01 5.442899999999999636e+02
-9.095999999999999375e+01 -4.365999999999999659e+01 1.651800000000000068e+02 -1.371299999999999955e+02 0.000000000000000000e+00 4.421100000000000136e+02 4.363799999999999955e+02 3.708399999999999750e+02 -3.259000000000000341e+01 5.361999999999999744e+01
-2.673999999999999844e+01 3.017799999999999727e+02 -4.222999999999999687e+01 -4.747999999999999687e+01 0.000000000000000000e+00 -1.619699999999999989e+02 -2.185099999999999909e+02 2.215600000000000023e+02 -3.599000000000000199e+01 -1.004800000000000040e+02
4.100999999999999801e+01 -4.822400000000000091e+02 4.211999999999999744e+01 3.545000000000000284e+01 0.000000000000000000e+00 1.628499999999999943e+02 -7.835999999999999943e+01 -1.580900000000000034e+02 8.081999999999999318e+01 -5.646000000000000085e+01
4.269999999999999574e+00 3.302000000000000313e+01 3.529999999999999716e+01 -2.328999999999999915e+01 0.000000000000000000e+00 -2.083400000000000034e+02 2.084799999999999898e+02 -2.067700000000000102e+02 -1.187000000000000028e+02 9.139000000000000057e+01
-8.460000000000000853e+00 1.269699999999999989e+02 1.416699999999999875e+02 2.080999999999999872e+01 0.000000000000000000e+00 1.210999999999999943e+01 7.445000000000000284e+01 9.298000000000000398e+01 -1.023000000000000043e+01 2.304199999999999875e+02
4.790999999999999659e+01 2.244799999999999898e+02 -9.580000000000000071e+00 -3.076000000000000156e+01 0.000000000000000000e+00 1.878300000000000125e+02 -1.536800000000000068e+02 3.507000000000000028e+01 1.019399999999999977e+02 -3.792400000000000091e+02
9.018999999999999773e+01 -1.119099999999999966e+02 -3.509000000000000341e+01 4.325000000000000000e+01 0.000000000000000000e+00 1.909999999999999920e+00 6.046000000000000085e+01 -7.098000000000000398e+01 -4.868999999999999773e+01 5.415999999999999659e+01
-7.929999999999999716e+01 5.861999999999999744e+01 5.122999999999999687e+01 3.830000000000000071e+00 0.000000000000000000e+00 -1.660000000000000000e+02 -4.299900000000000091e+02 2.461200000000000045e+02 9.168000000000000682e+01 -4.374000000000000199e+01
-1.504699999999999989e+02 -1.633999999999999986e+01 3.260899999999999750e+02 3.378999999999999915e+01 0.000000000000000000e+00 8.218999999999999773e+01 8.339400000000000546e+02 -1.627599999999999909e+02 -8.901999999999999602e+01 8.443999999999999773e+01
5.510000000000000142e+01 3.615999999999999659e+01 -3.772999999999999687e+01 -1.022699999999999960e+02 0.000000000000000000e+00 2.148300000000000125e+02 -2.097700000000000102e+02 1.537299999999999898e+02 -1.324000000000000021e+01 1.321800000000000068e+02
-6.912999999999999545e+01 3.211000000000000227e+02 -1.387100000000000080e+02 9.910999999999999943e+01 0.000000000000000000e+00 -3.241100000000000136e+02 -3.041399999999999864e+02 -9.643999999999999773e+01 1.207300000000000040e+02 -1.022399999999999949e+02
5.209999999999999964e+00 -5.433899999999999864e+02 1.944600000000000080e+02 2.000000000000000000e+00 0.000000000000000000e+00 2.500699999999999932e+02 4.039499999999999886e+02 -1.525699999999999932e+02 -1.036800000000000068e+02 -2.547599999999999909e+02
1.503700000000000045e+02 3.000699999999999932e+02 1.572500000000000000e+02 1.308899999999999864e+02 0.000000000000000000e+00 -1.855500000000000114e+02 8.129000000000000625e+01 5.857999999999999829e+01 7.101000000000000512e+01 3.717099999999999795e+02
-1.489900000000000091e+02 1.763400000000000034e+02 -6.320000000000000284e+00 -1.694900000000000091e+02 0.000000000000000000e+00 1.589399999999999977e+02 -3.048700000000000045e+02 -1.536800000000000068e+02 -4.413000000000000256e+01 -1.750600000000000023e+02
-5.439999999999999858e+01 -1.903799999999999955e+02 -1.108499999999999943e+02 1.703300000000000125e+02 0.000000000000000000e+00 -2.234000000000000057e+02 -1.265000000000000036e+01 1.980900000000000034e+02 -7.878000000000000114e+01 -2.375300000000000011e+02
2.370800000000000125e+02 -6.818000000000000682e+01 6.374000000000000199e+01 -2.492199999999999989e+02 0.000000000000000000e+00 1.174699999999999989e+02 5.742300000000000182e+02 7.245000000000000284e+01 1.707899999999999920e+02 4.765999999999999659e+01
-1.341299999999999955e+02 -1.181200000000000045e+02 2.472800000000000011e+02 4.072900000000000205e+02 0.000000000000000000e+00 3.897099999999999795e+02 -5.058700000000000045e+02 6.042999999999999972e+01 -4.000000000000000083e-02 7.600800000000000409e+02
1.959900000000000091e+02 1.128900000000000006e+02 3.757999999999999829e+01 -2.448700000000000045e+02 0.000000000000000000e+00 -5.061999999999999886e+02 4.549300000000000068e+02 -3.105199999999999818e+02 -1.424399999999999977e+02 -3.381299999999999955e+02
1.214000000000000057e+01 1.916699999999999875e+02 -2.336200000000000045e+02 -1.778999999999999915e+01 0.000000000000000000e+00 -3.361100000000000136e+02 -2.661999999999999886e+02 -1.037399999999999949e+02 2.290300000000000011e+02 -4.080799999999999841e+02
-1.865300000000000011e+02 -7.890999999999999659e+01 7.034999999999999432e+01 2.589599999999999795e+02 0.000000000000000000e+00 6.056900000000000546e+02 1.243799999999999955e+02 2.743199999999999932e+02 -1.332899999999999920e+02 2.419499999999999886e+02
-9.834000000000000341e+01 9.695000000000000284e+01 3.348100000000000023e+02 -6.515000000000000568e+01 0.000000000000000000e+00 2.718399999999999750e+02 3.403000000000000114e+01 2.568799999999999955e+02 -5.843999999999999773e+01 -3.821800000000000068e+02
-7.118999999999999773e+01 -9.985999999999999943e+01 4.428000000000000114e+01 -9.590000000000000568e+01 0.000000000000000000e+00 -7.311200000000000045e+02 3.465500000000000114e+02 -5.936699999999999591e+02 -1.233900000000000006e+02 1.637700000000000102e+02
-4.009000000000000341e+01 -1.009500000000000028e+02 -3.650000000000000000e+01 -6.295000000000000284e+01 0.000000000000000000e+00 1.003299999999999983e+02 -3.117900000000000205e+02 3.431200000000000045e+02 1.260900000000000034e+02 -2.248400000000000034e+02
1.763499999999999943e+02 4.609000000000000341e+01 7.854000000000000625e+01 3.586999999999999744e+01 0.000000000000000000e+00 5.699900000000000091e+02 2.071699999999999875e+02 1.421200000000000045e+02 -9.462999999999999545e+01 3.648199999999999932e+02
-1.999799999999999898e+02 1.730500000000000114e+02 -8.500000000000000000e+01 2.760000000000000142e+01 0.000000000000000000e+00 -3.583600000000000136e+02 3.729900000000000091e+02 -5.294299999999999500e+02 5.265999999999999659e+01 1.942100000000000080e+02
3.666800000000000068e+02 6.792000000000000171e+01 1.334699999999999989e+02 -8.409999999999999432e+01 0.000000000000000000e+00 3.639999999999999858e+01 -9.934700000000000273e+02 4.092300000000000182e+02 -6.203999999999999915e+01 -4.660000000000000142e+00
-2.148700000000000045e+02 -2.465900000000000034e+02 1.416800000000000068e+02 3.729999999999999716e+01 0.000000000000000000e+00 3.337400000000000091e+02 8.507899999999999636e+02 -1.298199999999999932e+02 6.650000000000000355e+00 -2.708100000000000023e+02
1.094099999999999966e+02 -4.820000000000000284e+01 -1.091099999999999994e+02 5.160000000000000142e+01 0.000000000000000000e+00 -6.502899999999999636e+02 -1.694300000000000068e+02 2.621100000000000136e+02 1.456200000000000045e+02 -1.529099999999999966e+02
-6.701000000000000512e+01 4.299000000000000199e+01 1.827100000000000080e+02 1.566899999999999977e+02 0.000000000000000000e+00 1.664499999999999886e+02 -1.485999999999999943e+01 -3.264700000000000273e+02 -2.351000000000000156e+01 -9.907999999999999829e+01
2.225800000000000125e+02 3.120000000000000000e+02 7.895999999999999375e+01 -6.979999999999999716e+01 0.000000000000000000e+00 1.717999999999999972e+01 -4.147999999999999687e+01 2.685699999999999932e+02 -2.760000000000000142e+01 1.979199999999999875e+02
-2.495399999999999920e+02 -1.621399999999999864e+02 1.794000000000000057e+02 -1.360399999999999920e+02 0.000000000000000000e+00 1.833499999999999943e+02 3.537400000000000091e+02 -2.157800000000000011e+02 -6.939000000000000057e+01 2.979200000000000159e+02
1.191899999999999977e+02 -4.625000000000000000e+01 -1.855099999999999909e+02 1.485600000000000023e+02 0.000000000000000000e+00 1.879799999999999898e+02 -3.349200000000000159e+02 2.282999999999999829e+01 1.192399999999999949e+02 -3.745000000000000000e+02
-9.837000000000000455e+01 1.356200000000000045e+02 4.703999999999999915e+01 -2.520500000000000114e+02 0.000000000000000000e+00 -3.999800000000000182e+02 5.467999999999999972e+01 4.988000000000000256e+01 -1.710900000000000034e+02 6.328999999999999915e+01
-3.431000000000000227e+01 3.600000000000000000e+01 6.042000000000000171e+01 7.031000000000000227e+01 0.000000000000000000e+00 1.450800000000000125e+02 -5.707999999999999829e+01 1.870099999999999909e+02 5.175000000000000000e+01 -3.635699999999999932e+02
9.587999999999999545e+01 -8.465999999999999659e+01 -4.689999999999999858e+01 1.710999999999999943e+01 0.000000000000000000e+00 1.992299999999999898e+02 4.200699999999999932e+02 -3.386600000000000250e+02 3.001999999999999957e+01 2.181699999999999875e+02
-1.763100000000000023e+02 4.679999999999999716e+01 9.729000000000000625e+01 -1.697400000000000091e+02 0.000000000000000000e+00 -5.581799999999999500e+02 -3.810799999999999841e+02 3.341100000000000136e+02 3.053000000000000114e+01 4.081899999999999977e+02
1.866899999999999977e+02 2.642000000000000171e+01 1.604300000000000068e+02 7.156000000000000227e+01 0.000000000000000000e+00 2.283499999999999943e+02 -5.796999999999999886e+01 1.292599999999999909e+02 -7.148999999999999488e+01 -3.116600000000000250e+02
-4.253000000000000114e+01 -9.060999999999999943e+01 -7.140999999999999659e+01 4.642000000000000171e+01 0.000000000000000000e+00 3.344900000000000091e+02 1.223799999999999955e+02 -3.746700000000000159e+02 2.130999999999999872e+01 3.707999999999999829e+01
-3.835999999999999943e+01 1.680800000000000125e+02 1.140199999999999960e+02 -4.181000000000000227e+01 0.000000000000000000e+00 1.038700000000000045e+02 -2.143100000000000023e+02 5.453999999999999915e+01 1.260499999999999972e+02 6.643999999999999773e+01
1.288499999999999943e+02 1.814000000000000057e+01 1.050999999999999979e+01 1.330800000000000125e+02 0.000000000000000000e+00 -3.854200000000000159e+02 2.046500000000000057e+02 2.395600000000000023e+02 -1.541500000000000057e+02 -1.467199999999999989e+02
3.372999999999999687e+01 -1.159399999999999977e+02 1.538000000000000114e+02 5.010000000000000142e+01 0.000000000000000000e+00 1.343999999999999950e+01 2.536200000000000045e+02 -6.443000000000000682e+01 -1.660000000000000142e+01 -8.890000000000000568e+01
-2.568700000000000045e+02 5.056000000000000227e+01 2.182999999999999829e+01 -2.142599999999999909e+02 0.000000000000000000e+00 1.568000000000000114e+02 -2.835000000000000000e+02 -2.269300000000000068e+02 6.831999999999999318e+01 4.661899999999999977e+02
1.270799999999999983e+02 3.900000000000000133e-01 -1.583999999999999986e+01 1.126899999999999977e+02 0.000000000000000000e+00 -1.446800000000000068e+02 -1.008299999999999983e+02 1.003599999999999994e+02 -7.965000000000000568e+01 -3.213500000000000227e+02
1.689199999999999875e+02 -6.714000000000000057e+01 3.307999999999999829e+01 -4.921999999999999886e+01 0.000000000000000000e+00 2.561200000000000045e+02 6.954999999999999716e+01 1.635000000000000000e+02 1.096299999999999955e+02 -3.978600000000000136e+02
-1.880800000000000125e+02 3.014399999999999977e+02 1.438799999999999955e+02 2.990400000000000205e+02 0.000000000000000000e+00 5.640999999999999659e+01 -2.705699999999999932e+02 -3.427000000000000313e+01 -6.199999999999999956e-01 3.513500000000000227e+02
-1.053799999999999955e+02 -5.811000000000000227e+02 4.945000000000000284e+01 2.201000000000000156e+01 0.000000000000000000e+00 -1.300600000000000023e+02 2.255500000000000114e+02 -1.986500000000000057e+02 -1.128799999999999955e+02 -3.904999999999999716e+01
2.536599999999999966e+02 7.536100000000000136e+02 -9.380000000000000782e+00 -1.196400000000000006e+02 0.000000000000000000e+00 -1.014800000000000040e+02 1.279800000000000040e+02 1.347700000000000102e+02 -5.977000000000000313e+01 2.276399999999999864e+02
-1.297500000000000000e+02 -6.188799999999999955e+02 -1.455699999999999932e+02 -2.464000000000000057e+01 0.000000000000000000e+00 9.409999999999999432e+01 -2.824499999999999886e+02 -2.105000000000000071e+01 2.773999999999999844e+01 -2.216800000000000068e+02
-6.332000000000000028e+01 3.948100000000000023e+02 1.154899999999999949e+02 6.414000000000000057e+01 0.000000000000000000e+00 -1.259999999999999964e+01 -1.165000000000000000e+02 5.757999999999999829e+01 1.038100000000000023e+02 9.951999999999999602e+01
-3.142999999999999972e+01 -9.535999999999999943e+01 5.611999999999999744e+01 9.140999999999999659e+01 0.000000000000000000e+00 -7.473999999999999488e+01 3.656299999999999955e+02 -1.027300000000000040e+02 7.123999999999999488e+01 1.002999999999999972e+02
2.831100000000000136e+02 4.281000000000000227e+01 1.148100000000000023e+02 5.596999999999999886e+01 0.000000000000000000e+00 1.542500000000000000e+02 -1.310099999999999909e+02 2.977699999999999818e+02 -6.871999999999999886e+01 -1.150900000000000034e+02
-3.202599999999999909e+02 -1.288000000000000114e+02 -7.979000000000000625e+01 -4.417999999999999972e+01 0.000000000000000000e+00 -1.223299999999999983e+02 -1.350900000000000034e+02 -2.254900000000000091e+02 -1.576800000000000068e+02 -1.560699999999999932e+02
-9.380000000000000782e+00 3.875999999999999801e+01 -9.410000000000000142e+00 -9.779999999999999361e+00 0.000000000000000000e+00 -1.466399999999999864e+02 3.059900000000000091e+02 -1.991000000000000014e+01 -1.909699999999999989e+02 5.538700000000000045e+02
9.140000000000000568e+00 1.583000000000000007e+01 -1.089800000000000040e+02 1.367999999999999972e+01 0.000000000000000000e+00 9.982999999999999829e+01 -2.365699999999999932e+02 -4.599000000000000199e+01 2.683600000000000136e+02 -6.195800000000000409e+02
2.968100000000000023e+02 1.842700000000000102e+02 1.913300000000000125e+02 1.068199999999999932e+02 0.000000000000000000e+00 -1.069000000000000057e+02 7.176999999999999602e+01 7.665999999999999659e+01 -4.777000000000000313e+01 -2.233999999999999986e+01
-1.041599999999999966e+02 -2.419199999999999875e+02 2.296000000000000085e+01 -3.538000000000000256e+01 0.000000000000000000e+00 3.304100000000000250e+02 2.540300000000000011e+02 5.817999999999999972e+01 -1.260999999999999943e+01 4.538299999999999841e+02
-2.224199999999999875e+02 1.848000000000000114e+02 1.857000000000000028e+01 1.336100000000000136e+02 0.000000000000000000e+00 3.119000000000000128e+01 -3.496499999999999773e+02 2.978799999999999955e+02 -1.698999999999999844e+01 -5.086499999999999773e+02
1.335900000000000034e+02 -1.033700000000000045e+02 -1.255000000000000071e+01 -3.067400000000000091e+02 0.000000000000000000e+00 -9.793999999999999773e+01 2.559399999999999977e+02 -1.572100000000000080e+02 5.181000000000000227e+01 4.861999999999999744e+01
4.129999999999999716e+01 2.196399999999999864e+02 -2.179000000000000057e+02 1.404000000000000057e+02 0.000000000000000000e+00 -5.898099999999999454e+02 1.059999999999999964e+01 -2.831800000000000068e+02 -3.546999999999999886e+01 2.003400000000000034e+02
-9.070000000000000284e+01 -4.613500000000000227e+02 1.521399999999999864e+02 4.818999999999999773e+01 0.000000000000000000e+00 3.716299999999999955e+02 1.570200000000000102e+02 -8.076000000000000512e+01 1.939699999999999989e+02 -1.764999999999999858e+01
-5.307999999999999829e+01 2.743600000000000136e+02 6.862000000000000455e+01 -9.609999999999999432e+00 0.000000000000000000e+00 2.576700000000000159e+02 -2.461899999999999977e+02 3.802200000000000273e+02 -8.706999999999999318e+01 2.191899999999999977e+02
1.334999999999999964e+01 3.907999999999999829e+01 -1.845000000000000000e+02 -7.570999999999999375e+01 0.000000000000000000e+00 -1.832199999999999989e+02 3.217400000000000091e+02 -1.311500000000000057e+02 -3.592000000000000171e+01 -1.487299999999999898e+02
1.500099999999999909e+02 1.399300000000000068e+02 1.507299999999999898e+02 1.844399999999999977e+02 0.000000000000000000e+00 -3.821899999999999977e+02 -3.918799999999999955e+02 -6.040000000000000036e+00 3.307000000000000028e+01 -1.363300000000000125e+02
-7.496999999999999886e+01 -1.586699999999999875e+02 1.221599999999999966e+02 -2.132999999999999829e+01 0.000000000000000000e+00 5.820000000000000000e+02 5.148500000000000227e+02 5.474000000000000199e+01 2.217199999999999989e+02 1.291800000000000068e+02
-1.388400000000000034e+02 -2.655000000000000071e+01 -8.276999999999999602e+01 -2.717000000000000171e+01 0.000000000000000000e+00 1.255000000000000071e+01 -3.244300000000000068e+02 1.608600000000000136e+02 -2.153100000000000023e+02 -6.388000000000000256e+01
1.950200000000000102e+02 2.257599999999999909e+02 -1.528799999999999955e+02 -7.976999999999999602e+01 0.000000000000000000e+00 -3.747900000000000205e+02 2.211999999999999886e+02 -4.329100000000000250e+02 1.399999999999999911e+00 9.012999999999999545e+01
-1.314799999999999898e+02 -4.191499999999999773e+02 -3.098999999999999844e+01 -9.418000000000000682e+01 0.000000000000000000e+00 3.085999999999999943e+01 9.390999999999999659e+01 4.178000000000000114e+01 -3.550000000000000000e+01 -1.074399999999999977e+02
-2.379600000000000080e+02 1.783000000000000114e+02 6.973000000000000398e+01 1.728300000000000125e+02 0.000000000000000000e+00 2.500500000000000114e+02 -4.148199999999999932e+02 2.821899999999999977e+02 -1.030900000000000034e+02 -1.751299999999999955e+02
1.759499999999999886e+02 1.318400000000000034e+02 -1.678999999999999915e+01 -6.646999999999999886e+01 0.000000000000000000e+00 -2.145000000000000000e+02 1.671000000000000085e+01 -1.110000000000000000e+02 1.606999999999999886e+02 -3.639000000000000057e+01
9.178000000000000114e+01 -1.580000000000000071e+00 -2.293199999999999932e+02 -4.711999999999999744e+01 0.000000000000000000e+00 8.903000000000000114e+01 4.396800000000000068e+02 -1.374199999999999875e+02 -1.479099999999999966e+02 3.619599999999999795e+02
-6.659999999999999432e+01 -6.776999999999999602e+01 2.469300000000000068e+02 1.323899999999999864e+02 0.000000000000000000e+00 3.804999999999999716e+01 -2.770799999999999841e+02 1.245400000000000063e+02 4.642000000000000171e+01 -6.325000000000000000e+01
-1.706299999999999955e+02 8.462000000000000455e+01 -1.277000000000000028e+02 -6.554999999999999716e+01 0.000000000000000000e+00 1.139099999999999966e+02 2.090000000000000000e+02 4.221999999999999886e+01 6.721999999999999886e+01 -5.984000000000000341e+01
3.492099999999999795e+02 -6.626000000000000512e+01 5.352000000000000313e+01 -2.883999999999999986e+01 0.000000000000000000e+00 -8.192000000000000171e+01 -1.468000000000000114e+02 -3.950999999999999801e+01 -2.098999999999999844e+01 3.650999999999999801e+01
-2.407999999999999829e+01 2.767799999999999727e+02 -7.542000000000000171e+01 1.158700000000000045e+02 0.000000000000000000e+00 -3.450600000000000023e+02 -1.981200000000000045e+02 2.020000000000000018e+00 3.198000000000000043e+01 -7.773000000000000398e+01
-2.069699999999999989e+02 -5.248700000000000045e+02 4.289999999999999858e+01 1.030799999999999983e+02 0.000000000000000000e+00 3.587400000000000091e+02 4.830699999999999932e+02 -4.098700000000000045e+02 -6.024000000000000199e+01 -1.014500000000000028e+02
-2.408999999999999986e+01 1.754399999999999977e+02 -7.812000000000000455e+01 -9.515000000000000568e+01 0.000000000000000000e+00 1.159000000000000057e+02 -7.223799999999999955e+02 4.388199999999999932e+02 4.269999999999999574e+00 -3.760999999999999943e+01
1.425500000000000114e+02 2.532599999999999909e+02 -1.322500000000000000e+02 -1.004599999999999937e+02 0.000000000000000000e+00 -4.716800000000000068e+02 7.412500000000000000e+02 -1.300000000000000000e+01 -4.928000000000000114e+01 2.907000000000000028e+01
-6.168999999999999773e+01 -1.512100000000000080e+02 2.192100000000000080e+02 1.440800000000000125e+02 0.000000000000000000e+00 2.730099999999999909e+02 -1.849000000000000057e+02 4.264999999999999858e+01 -3.827000000000000313e+01 1.823799999999999955e+02
-1.234999999999999964e+01 1.310000000000000000e+02 -5.110999999999999943e+01 2.651000000000000156e+01 0.000000000000000000e+00 8.599999999999999867e-01 -4.592300000000000182e+02 -1.241899999999999977e+02 -2.503000000000000114e+01 1.135799999999999983e+02
4.278999999999999915e+01 -1.302400000000000091e+02 -6.600000000000000000e+01 9.215999999999999659e+01 0.000000000000000000e+00 2.193300000000000125e+02 3.636499999999999773e+02 -9.140999999999999659e+01 8.679999999999999716e+00 -2.452899999999999920e+02
7.165999999999999659e+01 6.327000000000000313e+01 1.456000000000000050e+01 -5.131000000000000227e+01 0.000000000000000000e+00 -6.603000000000000114e+01 -3.660799999999999841e+02 8.946999999999999886e+01 8.565000000000000568e+01 -2.803600000000000136e+02
-1.289300000000000068e+02 3.066000000000000014e+01 -4.824000000000000199e+01 -1.213000000000000078e+01 0.000000000000000000e+00 -3.447900000000000205e+02 4.445299999999999727e+02 -1.054000000000000057e+02 -4.011999999999999744e+01 4.355099999999999909e+02
3.264999999999999858e+01 -6.077000000000000313e+01 -8.423000000000000398e+01 -1.781800000000000068e+02 0.000000000000000000e+00 2.785099999999999909e+02 -2.759100000000000250e+02 1.779900000000000091e+02 -2.321999999999999886e+01 -1.519499999999999886e+02
5.849000000000000199e+01 9.210000000000000853e+00 9.323000000000000398e+01 3.048899999999999864e+02 0.000000000000000000e+00 1.446999999999999886e+02 7.099999999999999645e+00 4.575000000000000000e+01 2.935000000000000142e+01 3.745000000000000284e+01
-1.098100000000000023e+02 9.620999999999999375e+01 -6.609999999999999432e+01 -2.990000000000000000e+02 0.000000000000000000e+00 -3.986499999999999773e+02 1.669999999999999929e+01 -1.453499999999999943e+02 1.700000000000000122e-01 -9.692000000000000171e+01
4.421999999999999886e+01 1.816100000000000136e+02 -2.632999999999999829e+01 7.040999999999999659e+01 0.000000000000000000e+00 1.808000000000000114e+02 -4.914999999999999858e+01 3.139200000000000159e+02 -2.032999999999999829e+01 2.012599999999999909e+02
-7.089999999999999858e+00 -2.848500000000000227e+02 -1.047699999999999960e+02 9.140000000000000568e+01 0.000000000000000000e+00 3.538999999999999773e+02 8.012999999999999545e+01 -2.073300000000000125e+02 4.652000000000000313e+01 -2.673600000000000136e+02
1.846399999999999864e+02 1.720300000000000011e+02 9.848999999999999488e+01 -2.214699999999999989e+02 0.000000000000000000e+00 -3.287200000000000273e+02 -3.213199999999999932e+02 -2.391899999999999977e+02 -6.962999999999999545e+01 2.626700000000000159e+02
-2.622699999999999818e+02 -3.821000000000000085e+01 1.873000000000000043e+01 -9.431999999999999318e+01 0.000000000000000000e+00 -4.405699999999999932e+02 1.913300000000000125e+02 2.248199999999999932e+02 1.506800000000000068e+02 -2.743500000000000227e+02
5.240999999999999659e+01 -9.559999999999999432e+01 -1.343799999999999955e+02 3.661999999999999886e+02 0.000000000000000000e+00 4.166499999999999773e+02 2.323499999999999943e+02 7.815999999999999659e+01 -1.331899999999999977e+02 3.064999999999999858e+01
8.595999999999999375e+01 8.996999999999999886e+01 -8.114000000000000057e+01 -3.658399999999999750e+02 0.000000000000000000e+00 3.275500000000000114e+02 -3.306800000000000068e+02 -2.512899999999999920e+02 3.379999999999999893e+00 3.315099999999999909e+02
1.002900000000000063e+02 7.481000000000000227e+01 1.627299999999999898e+02 -5.678000000000000114e+01 0.000000000000000000e+00 -3.838199999999999932e+02 3.091299999999999955e+02 5.474500000000000455e+02 9.051999999999999602e+01 -2.942500000000000000e+02
2.229999999999999982e+00 -1.556599999999999966e+02 -1.376699999999999875e+02 5.820000000000000284e+01 0.000000000000000000e+00 -7.795999999999999375e+01 -1.895000000000000000e+02 -2.985500000000000114e+02 1.912000000000000099e+01 2.300399999999999920e+02
-3.533799999999999955e+02 1.839699999999999989e+02 -3.146999999999999886e+01 -8.519999999999999574e+00 0.000000000000000000e+00 2.971999999999999886e+02 -3.171999999999999886e+01 -7.835999999999999943e+01 -4.013000000000000256e+01 -2.240900000000000034e+02
1.505300000000000011e+02 -1.648799999999999955e+02 -5.936999999999999744e+01 5.559000000000000341e+01 0.000000000000000000e+00 -1.841500000000000057e+02 5.185999999999999943e+01 -2.085600000000000023e+02 -7.967000000000000171e+01 -1.301200000000000045e+02
1.038299999999999983e+02 -4.111999999999999744e+01 2.917000000000000171e+01 -2.550000000000000000e+01 0.000000000000000000e+00 -2.068400000000000034e+02 -3.232900000000000205e+02 1.646200000000000045e+02 1.603499999999999943e+02 4.477000000000000313e+01
-1.002999999999999972e+02 2.522199999999999989e+02 -4.752000000000000313e+01 1.245300000000000011e+02 0.000000000000000000e+00 2.536299999999999955e+02 3.926299999999999955e+02 6.339000000000000057e+01 -1.154200000000000017e+02 1.195600000000000023e+02
1.099099999999999966e+02 -1.683000000000000114e+02 -8.171999999999999886e+01 -1.247800000000000011e+02 0.000000000000000000e+00 2.040000000000000000e+02 -1.505699999999999932e+02 2.138400000000000034e+02 -3.953000000000000114e+01 1.805900000000000034e+02
-1.076500000000000057e+02 -3.660000000000000142e+01 -3.028999999999999915e+01 -1.130499999999999972e+02 0.000000000000000000e+00 -1.377400000000000091e+02 4.840199999999999818e+02 -1.313000000000000114e+02 -5.478999999999999915e+01 -1.562199999999999989e+02
2.016000000000000014e+01 3.182799999999999727e+02 -1.137999999999999972e+02 -8.729000000000000625e+01 0.000000000000000000e+00 1.739999999999999991e+00 -6.185299999999999727e+02 -1.521800000000000068e+02 -8.923999999999999488e+01 -1.029000000000000057e+02
-1.267999999999999972e+01 -1.723999999999999844e+01 -1.380000000000000071e+01 2.043300000000000125e+02 0.000000000000000000e+00 -8.632999999999999829e+01 6.695000000000000284e+01 1.154599999999999937e+02 9.868000000000000682e+01 -3.055799999999999841e+02
4.636999999999999744e+01 -2.104399999999999977e+02 1.157500000000000000e+02 -9.648999999999999488e+01 0.000000000000000000e+00 5.571999999999999886e+01 4.222300000000000182e+02 -8.349999999999999645e+00 -1.175499999999999972e+02 6.808300000000000409e+02
-6.937999999999999545e+01 2.740299999999999727e+02 -4.256000000000000227e+01 9.726000000000000512e+01 0.000000000000000000e+00 -2.478000000000000114e+02 -5.044200000000000159e+02 9.996999999999999886e+01 9.992000000000000171e+01 -3.720400000000000205e+02
2.088700000000000045e+02 -1.173400000000000034e+02 -1.185799999999999983e+02 -1.000900000000000034e+02 0.000000000000000000e+00 1.526699999999999875e+02 5.180499999999999545e+02 -7.339999999999999858e+00 -1.858499999999999943e+02 -3.188100000000000023e+02
-2.638399999999999750e+02 -1.248599999999999994e+02 1.400999999999999979e+01 -7.498999999999999488e+01 0.000000000000000000e+00 1.309600000000000080e+02 -3.404599999999999795e+02 -1.729000000000000057e+02 -1.857999999999999829e+01 4.847500000000000000e+02
-2.310000000000000142e+01 -1.346699999999999875e+02 4.510999999999999943e+01 1.016099999999999994e+02 0.000000000000000000e+00 -1.036999999999999922e+01 -7.396999999999999886e+01 2.039000000000000057e+01 1.112600000000000051e+02 -1.604799999999999898e+02
3.375799999999999841e+02 -7.170000000000000284e+01 1.037199999999999989e+02 -1.113400000000000034e+02 0.000000000000000000e+00 2.013799999999999955e+02 3.466800000000000068e+02 1.056200000000000045e+02 -4.000000000000000222e-01 2.509999999999999787e+00
-2.499699999999999989e+02 2.248000000000000114e+02 4.660000000000000142e+01 1.192600000000000051e+02 0.000000000000000000e+00 -5.631599999999999682e+02 -1.826500000000000057e+02 2.888299999999999841e+02 1.193999999999999950e+01 1.954600000000000080e+02
-8.693999999999999773e+01 -1.156400000000000006e+02 -4.225000000000000000e+01 -1.764999999999999858e+01 0.000000000000000000e+00 3.479700000000000273e+02 2.513400000000000034e+02 -3.432300000000000182e+02 2.650000000000000000e+01 -3.600099999999999909e+02
2.301399999999999864e+02 6.072999999999999687e+01 -1.010199999999999960e+02 1.409099999999999966e+02 0.000000000000000000e+00 4.064999999999999858e+01 -2.999499999999999886e+02 -4.299000000000000199e+01 9.157999999999999829e+01 2.163199999999999932e+02
-2.174399999999999977e+02 1.374799999999999898e+02 4.764000000000000057e+01 -2.742599999999999909e+02 0.000000000000000000e+00 -1.566999999999999993e+01 1.614799999999999898e+02 1.774799999999999898e+02 -1.171800000000000068e+02 9.803000000000000114e+01
9.281999999999999318e+01 -5.846000000000000085e+01 2.332000000000000028e+01 5.718999999999999773e+01 0.000000000000000000e+00 -1.819999999999999929e+01 -2.759700000000000273e+02 7.179999999999999716e+01 -7.192000000000000171e+01 -1.865999999999999943e+02
5.475000000000000000e+01 1.701599999999999966e+02 -1.445699999999999932e+02 2.185999999999999943e+01 0.000000000000000000e+00 -2.998999999999999844e+01 4.553600000000000136e+02 -3.633899999999999864e+02 2.170999999999999943e+02 1.322599999999999909e+02
-2.175500000000000114e+02 -2.355300000000000011e+02 2.148999999999999844e+01 7.923999999999999488e+01 0.000000000000000000e+00 2.698399999999999750e+02 -2.880899999999999750e+02 4.240299999999999727e+02 -1.311299999999999955e+02 -3.219399999999999977e+02
1.411500000000000057e+02 9.168999999999999773e+01 3.281000000000000227e+01 -4.147999999999999687e+01 0.000000000000000000e+00 -3.588799999999999955e+02 -5.199000000000000199e+01 -2.147100000000000080e+02 -3.460000000000000142e+01 -1.951999999999999957e+01
2.875000000000000000e+01 -1.566899999999999977e+02 1.928000000000000114e+01 7.971999999999999886e+01 0.000000000000000000e+00 -1.055999999999999943e+02 6.505000000000000000e+02 -1.400900000000000034e+02 4.132999999999999829e+01 1.323400000000000034e+02
-1.234999999999999964e+01 1.338899999999999864e+02 -7.437000000000000455e+01 4.535000000000000142e+01 0.000000000000000000e+00 2.387400000000000091e+02 -4.453500000000000227e+02 4.876100000000000136e+02 6.730000000000000426e+00 6.145000000000000284e+01
-6.918000000000000682e+01 -7.612000000000000455e+01 -7.182999999999999829e+01 -2.133100000000000023e+02 0.000000000000000000e+00 1.762000000000000099e+01 1.191999999999999993e+01 -3.754800000000000182e+02 5.299999999999999822e+00 3.360999999999999943e+01
7.262000000000000455e+01 2.424399999999999977e+02 9.481999999999999318e+01 -5.959999999999999964e+00 0.000000000000000000e+00 -1.937500000000000000e+02 3.274900000000000091e+02 -2.957400000000000091e+02 -2.423000000000000043e+01 7.232999999999999829e+01
1.145100000000000051e+02 -2.543300000000000125e+02 -5.297999999999999687e+01 1.020499999999999972e+02 0.000000000000000000e+00 1.068199999999999932e+02 -3.573799999999999955e+02 5.080899999999999750e+02 6.399000000000000199e+01 -1.229399999999999977e+02
1.073900000000000006e+02 2.173000000000000114e+02 -7.515999999999999659e+01 -3.257000000000000028e+01 0.000000000000000000e+00 -9.870999999999999375e+01 2.474600000000000080e+02 -1.121200000000000045e+02 -6.271999999999999886e+01 1.979099999999999966e+02
-2.451899999999999977e+02 -8.932999999999999829e+01 1.169300000000000068e+02 1.767999999999999972e+01 0.000000000000000000e+00 1.894000000000000057e+02 1.083499999999999943e+02 -2.040099999999999909e+02 1.727700000000000102e+02 -4.013500000000000227e+02
7.693999999999999773e+01 -9.146999999999999886e+01 4.871999999999999886e+01 -3.092999999999999972e+01 0.000000000000000000e+00 2.628199999999999932e+02 -2.226399999999999864e+02 2.764800000000000182e+02 -9.509999999999999432e+01 -5.309999999999999609e+00
-1.282000000000000028e+01 2.534000000000000057e+02 -5.597999999999999687e+01 9.520999999999999375e+01 0.000000000000000000e+00 -4.623700000000000045e+02 6.651000000000000512e+01 -3.921999999999999886e+01 -4.967000000000000171e+01 3.520699999999999932e+02
-1.892999999999999972e+01 -5.314000000000000057e+01 -1.820000000000000062e+00 2.676000000000000156e+01 0.000000000000000000e+00 -2.583999999999999986e+01 -8.604999999999999716e+01 -2.983399999999999750e+02 -1.491999999999999993e+01 -2.762699999999999818e+02
-1.283799999999999955e+02 -2.630099999999999909e+02 6.320000000000000284e+00 -6.679999999999999716e+01 0.000000000000000000e+00 2.591299999999999955e+02 3.777200000000000273e+02 4.120400000000000205e+02 -9.456999999999999318e+01 1.111200000000000045e+02
-3.289000000000000057e+01 3.470199999999999818e+02 -2.175000000000000000e+01 -2.312999999999999901e+01 0.000000000000000000e+00 1.290800000000000125e+02 -1.051400000000000006e+02 -5.742000000000000171e+01 6.109000000000000341e+01 -3.053999999999999915e+01
1.054399999999999977e+02 -7.023999999999999488e+01 -1.311200000000000045e+02 7.037000000000000455e+01 0.000000000000000000e+00 -2.765500000000000114e+02 -1.010799999999999983e+02 -2.997200000000000273e+02 -5.109000000000000341e+01 -1.546999999999999886e+02
5.190000000000000391e+00 -1.288700000000000045e+02 5.253000000000000114e+01 -1.024099999999999966e+02 0.000000000000000000e+00 1.523600000000000136e+02 3.367699999999999818e+02 1.995600000000000023e+02 8.464000000000000057e+01 -5.395000000000000284e+01
5.292000000000000171e+01 1.222600000000000051e+02 -1.249200000000000017e+02 3.953999999999999915e+01 0.000000000000000000e+00 3.113600000000000136e+02 -3.521600000000000250e+02 9.434999999999999432e+01 -4.475999999999999801e+01 4.483299999999999841e+02
-1.500200000000000102e+02 7.040999999999999659e+01 1.138499999999999943e+02 -5.885999999999999943e+01 0.000000000000000000e+00 -3.087900000000000205e+02 1.364600000000000080e+02 1.783999999999999986e+01 7.098999999999999488e+01 -2.326599999999999966e+02
5.143999999999999773e+01 4.703999999999999915e+01 1.542999999999999972e+01 -1.160499999999999972e+02 0.000000000000000000e+00 -2.684900000000000091e+02 -2.755500000000000114e+02 -1.648000000000000043e+01 -9.089999999999999858e+00 -5.513000000000000256e+01
3.778999999999999915e+01 1.025000000000000000e+02 -4.506000000000000227e+01 1.135999999999999943e+01 0.000000000000000000e+00 2.750799999999999841e+02 3.807900000000000205e+02 3.164999999999999858e+01 -8.754000000000000625e+01 9.812000000000000455e+01
-4.774000000000000199e+01 -1.461200000000000045e+02 2.483999999999999986e+01 1.855000000000000000e+02 0.000000000000000000e+00 4.328999999999999915e+01 -1.209300000000000068e+02 5.028999999999999915e+01 1.064500000000000028e+02 -2.172199999999999989e+02
2.771000000000000085e+01 8.635999999999999943e+01 1.086999999999999922e+01 -1.879999999999999893e+00 0.000000000000000000e+00 -1.452400000000000091e+02 -2.678899999999999864e+02 1.081099999999999994e+02 -1.421299999999999955e+02 1.107500000000000000e+02
-1.313300000000000125e+02 1.807599999999999909e+02 -1.006500000000000057e+02 -7.254000000000000625e+01 0.000000000000000000e+00 1.671100000000000136e+02 4.021700000000000159e+02 -3.012900000000000205e+02 9.934000000000000341e+01 1.032300000000000040e+02
9.048999999999999488e+01 -3.582599999999999909e+02 6.468000000000000682e+01 -1.777700000000000102e+02 0.000000000000000000e+00 1.794900000000000091e+02 -1.455000000000000000e+02 3.710699999999999932e+02 -1.468300000000000125e+02 2.687999999999999901e+01
8.837000000000000455e+01 1.285500000000000114e+02 -9.864000000000000057e+01 2.494999999999999929e+01 0.000000000000000000e+00 -1.974099999999999966e+02 -4.182000000000000028e+01 -6.029999999999999716e+01 -4.307000000000000028e+01 -1.764799999999999898e+02
-1.627100000000000080e+02 -1.953700000000000045e+02 -3.240999999999999659e+01 4.050000000000000000e+01 0.000000000000000000e+00 -1.580500000000000114e+02 1.716599999999999966e+02 -1.932700000000000102e+02 1.066200000000000045e+02 -8.270999999999999375e+01
3.696000000000000085e+01 2.072199999999999989e+02 4.729999999999999716e+01 -1.102999999999999936e+01 0.000000000000000000e+00 2.578399999999999750e+02 -1.909399999999999977e+02 7.806999999999999318e+01 2.307000000000000028e+01 3.771600000000000250e+02
6.875000000000000000e+01 4.690000000000000391e+00 1.394999999999999929e+01 4.975000000000000000e+01 0.000000000000000000e+00 7.626999999999999602e+01 -1.821000000000000085e+01 2.593799999999999955e+02 -7.118000000000000682e+01 8.095999999999999375e+01
-1.345000000000000000e+02 -2.458499999999999943e+02 -1.069300000000000068e+02 3.582999999999999829e+01 0.000000000000000000e+00 -1.743899999999999864e+02 -1.128599999999999994e+02 -2.574800000000000182e+02 5.250000000000000000e+01 -3.828600000000000136e+02
1.535399999999999920e+02 3.700199999999999818e+02 6.959999999999999964e+00 -4.877000000000000313e+01 0.000000000000000000e+00 -1.301100000000000136e+02 3.672099999999999795e+02 -3.377000000000000313e+01 5.090999999999999659e+01 -3.089999999999999858e+01
2.028999999999999915e+01 -2.537800000000000011e+02 1.395900000000000034e+02 -7.399999999999999911e-01 0.000000000000000000e+00 3.449100000000000250e+02 -6.915000000000000568e+01 2.661899999999999977e+02 -1.698000000000000043e+01 -6.609999999999999432e+01
-1.056599999999999966e+02 4.080199999999999818e+02 -4.190000000000000391e+00 2.258999999999999986e+01 0.000000000000000000e+00 -2.417899999999999920e+02 -2.973399999999999750e+02 -2.517199999999999989e+02 5.099000000000000199e+01 1.199899999999999949e+02
-6.731000000000000227e+01 -2.499900000000000091e+02 -7.623999999999999488e+01 -7.334000000000000341e+01 0.000000000000000000e+00 2.817000000000000171e+01 1.940000000000000000e+02 8.681999999999999318e+01 -1.172999999999999972e+02 -1.127800000000000011e+02
1.333799999999999955e+02 -1.618799999999999955e+02 -8.760999999999999943e+01 -8.095999999999999375e+01 0.000000000000000000e+00 -5.503000000000000114e+01 2.201699999999999875e+02 -8.323999999999999488e+01 1.029399999999999977e+02 3.445000000000000284e+01
-1.265600000000000023e+02 5.202000000000000313e+01 1.510399999999999920e+02 2.582000000000000028e+01 0.000000000000000000e+00 -9.769999999999999574e+00 -2.523400000000000034e+02 4.315999999999999659e+01 -6.284000000000000341e+01 2.040500000000000114e+02
8.060999999999999943e+01 6.035999999999999943e+01 2.780000000000000071e+01 1.086700000000000017e+02 0.000000000000000000e+00 3.370400000000000205e+02 -1.664699999999999989e+02 2.979900000000000091e+02 -1.327700000000000102e+02 -6.488700000000000045e+02
2.092400000000000091e+02 -6.798000000000000398e+01 -2.054900000000000091e+02 7.151000000000000512e+01 0.000000000000000000e+00 -2.355399999999999920e+02 5.124800000000000182e+02 -5.975599999999999454e+02 1.987199999999999989e+02 2.038499999999999943e+02
-1.616999999999999886e+02 1.494499999999999886e+02 7.167000000000000171e+01 -5.064999999999999858e+01 0.000000000000000000e+00 2.200000000000000178e+00 -5.326200000000000045e+02 4.751200000000000045e+02 -1.151200000000000045e+02 4.454900000000000091e+02
-5.164999999999999858e+01 -5.085999999999999943e+01 -6.440000000000000391e+00 4.718999999999999773e+01 0.000000000000000000e+00 8.756999999999999318e+01 4.656399999999999864e+02 7.531000000000000227e+01 -1.494999999999999929e+01 -4.331000000000000227e+02
-1.514499999999999886e+02 -4.611999999999999744e+01 -1.276999999999999957e+01 -5.654999999999999716e+01 0.000000000000000000e+00 -1.390999999999999943e+02 -4.255400000000000205e+02 -2.867900000000000205e+02 9.779000000000000625e+01 3.628100000000000023e+02
1.182099999999999937e+02 6.182999999999999829e+01 -1.746000000000000085e+01 1.395600000000000023e+02 0.000000000000000000e+00 5.881000000000000227e+01 2.331100000000000136e+02 1.590900000000000034e+02 8.884000000000000341e+01 -4.091700000000000159e+02
2.699100000000000250e+02 -5.225000000000000000e+01 1.559000000000000057e+02 2.737799999999999727e+02 0.000000000000000000e+00 1.880999999999999943e+02 4.978999999999999915e+01 1.429900000000000091e+02 -7.250000000000000000e+00 5.927300000000000182e+02
-1.859300000000000068e+02 -2.085300000000000011e+02 -2.387000000000000099e+01 -2.331500000000000057e+02 0.000000000000000000e+00 -3.112200000000000273e+02 -1.575800000000000125e+02 -2.556200000000000045e+02 -2.748899999999999864e+02 -3.020199999999999818e+02
9.467000000000000171e+01 2.554499999999999886e+02 -1.916899999999999977e+02 -1.654300000000000068e+02 0.000000000000000000e+00 3.850999999999999801e+01 1.124000000000000021e+01 -1.339000000000000057e+02 8.087000000000000455e+01 -6.178999999999999915e+01
-4.409000000000000341e+01 -3.364999999999999858e+01 1.762000000000000099e+01 1.180400000000000063e+02 0.000000000000000000e+00 1.309099999999999966e+02 -6.553000000000000114e+01 2.755899999999999750e+02 1.487400000000000091e+02 -1.989999999999999991e+00
3.040000000000000036e+00 6.893999999999999773e+01 2.797599999999999909e+02 3.040199999999999818e+02 0.000000000000000000e+00 1.561200000000000045e+02 4.125000000000000000e+02 -2.177400000000000091e+02 -6.559999999999999609e+00 1.107000000000000028e+01
7.882999999999999829e+01 2.678000000000000114e+01 -1.303300000000000125e+02 -2.367000000000000171e+01 0.000000000000000000e+00 -2.173700000000000045e+02 -5.415299999999999727e+02 1.960099999999999909e+02 -9.276999999999999602e+01 1.846999999999999886e+01
-3.358600000000000136e+02 1.170999999999999943e+02 -4.110999999999999943e+01 -1.771299999999999955e+02 0.000000000000000000e+00 1.369799999999999898e+02 6.593400000000000318e+02 -2.263799999999999955e+02 4.867000000000000171e+01 2.069999999999999929e+01
8.989000000000000057e+01 -1.003599999999999994e+02 1.306599999999999966e+02 1.070199999999999960e+02 0.000000000000000000e+00 -3.706000000000000227e+01 -4.338600000000000136e+02 6.106000000000000227e+01 1.495300000000000011e+02 -8.500000000000000000e+01
6.159000000000000341e+01 1.326399999999999864e+02 -6.152000000000000313e+01 -4.403999999999999915e+01 0.000000000000000000e+00 -1.219999999999999973e+00 -7.684000000000000341e+01 1.310099999999999909e+02 -1.741399999999999864e+02 9.726000000000000512e+01
6.678000000000000114e+01 8.429999999999999716e+00 5.078999999999999915e+01 1.851599999999999966e+02 0.000000000000000000e+00 5.993999999999999773e+01 5.065500000000000114e+02 -1.838400000000000034e+02 4.742999999999999972e+01 1.082099999999999937e+02
-1.363000000000000078e+01 9.904000000000000625e+01 1.288799999999999955e+02 -1.381599999999999966e+02 0.000000000000000000e+00 -2.271000000000000085e+01 -7.544299999999999500e+02 4.137599999999999909e+02 -1.655999999999999872e+01 3.817999999999999972e+01
-1.848499999999999943e+02 -5.160999999999999943e+01 -6.795999999999999375e+01 3.350000000000000000e+01 0.000000000000000000e+00 -1.926999999999999886e+02 8.348500000000000227e+02 -2.053499999999999943e+02 -4.742999999999999972e+01 -1.961100000000000136e+02
9.060000000000000497e+00 -1.078900000000000006e+02 -1.142900000000000063e+02 3.895000000000000284e+01 0.000000000000000000e+00 1.114099999999999966e+02 -5.271599999999999682e+02 -1.424300000000000068e+02 -1.447100000000000080e+02 -1.994300000000000068e+02
8.401999999999999602e+01 1.535500000000000114e+02 7.429000000000000625e+01 -1.194599999999999937e+02 0.000000000000000000e+00 -2.069699999999999989e+02 1.946999999999999886e+02 -7.026999999999999602e+01 1.425999999999999943e+02 3.205000000000000000e+02
7.001000000000000512e+01 -1.843899999999999864e+02 6.435999999999999943e+01 1.025999999999999943e+02 0.000000000000000000e+00 5.530000000000000000e+02 1.540699999999999932e+02 2.172299999999999898e+02 1.093999999999999950e+01 -2.058499999999999943e+02
8.375000000000000000e+01 1.579099999999999966e+02 2.517000000000000171e+01 3.943999999999999773e+01 0.000000000000000000e+00 -1.341399999999999864e+02 -2.349000000000000057e+02 -1.367800000000000011e+02 2.619999999999999929e+01 -1.450600000000000023e+02
-1.507199999999999989e+02 1.551599999999999966e+02 3.627000000000000313e+01 -3.534900000000000091e+02 0.000000000000000000e+00 -6.577799999999999727e+02 2.878500000000000227e+02 1.556399999999999864e+02 -1.652299999999999898e+02 3.952200000000000273e+02
-1.884900000000000091e+02 -2.042599999999999909e+02 -1.055100000000000051e+02 2.519600000000000080e+02 0.000000000000000000e+00 7.136799999999999500e+02 4.453999999999999915e+01 -2.140300000000000011e+02 -2.180000000000000071e+01 -1.508499999999999943e+02
5.315999999999999659e+01 -7.345000000000000284e+01 1.080300000000000011e+02 -1.892599999999999909e+02 0.000000000000000000e+00 -5.969999999999999751e+00 1.388400000000000034e+02 2.207400000000000091e+02 1.643100000000000023e+02 -1.479000000000000057e+02
3.267000000000000171e+01 9.501000000000000512e+01 2.058999999999999986e+01 -4.428999999999999915e+01 0.000000000000000000e+00 -3.313600000000000136e+02 -2.876000000000000227e+02 1.646999999999999886e+01 9.167000000000000171e+01 2.054399999999999977e+02
-5.009999999999999787e+00 2.248100000000000023e+02 2.889000000000000057e+01 1.390399999999999920e+02 0.000000000000000000e+00 3.547999999999999687e+01 1.021000000000000085e+01 -6.311999999999999744e+01 -7.090000000000000568e+01 -3.210500000000000114e+02
9.789999999999999147e+00 -3.305500000000000114e+02 6.040999999999999659e+01 -9.920000000000000284e+01 0.000000000000000000e+00 3.681499999999999773e+02 2.493199999999999932e+02 2.564399999999999977e+02 3.434000000000000341e+01 1.943700000000000045e+02
1.123799999999999955e+02 -2.062100000000000080e+02 -2.096999999999999886e+01 1.083599999999999994e+02 0.000000000000000000e+00 -2.187599999999999909e+02 1.021000000000000085e+01 -4.350299999999999727e+02 -2.694999999999999929e+01 2.273000000000000043e+01
-1.666500000000000057e+02 3.192400000000000091e+02 4.849999999999999645e+00 -1.144399999999999977e+02 0.000000000000000000e+00 -4.196000000000000227e+02 -5.204999999999999716e+01 1.970900000000000034e+02 -8.317000000000000171e+01 -1.431999999999999886e+02
-1.363000000000000114e+02 -1.902700000000000102e+02 1.387299999999999898e+02 -1.396999999999999886e+02 0.000000000000000000e+00 4.444300000000000068e+02 1.624300000000000068e+02 1.471800000000000068e+02 -3.970000000000000195e+00 4.245400000000000205e+02
5.847999999999999687e+01 1.999699999999999989e+02 -4.806000000000000227e+01 5.589999999999999858e+01 0.000000000000000000e+00 3.399599999999999795e+02 -2.165500000000000114e+02 5.179999999999999716e+00 3.810000000000000142e+01 -6.359000000000000341e+01
1.865399999999999920e+02 -5.284000000000000341e+01 -3.996999999999999886e+01 -1.076800000000000068e+02 0.000000000000000000e+00 -5.389800000000000182e+02 2.419399999999999977e+02 1.474900000000000091e+02 4.925000000000000000e+01 -4.614000000000000057e+01
1.786899999999999977e+02 1.935300000000000011e+02 -1.242999999999999972e+01 4.085999999999999943e+01 0.000000000000000000e+00 -6.280000000000000249e+00 -1.764399999999999977e+02 -1.483600000000000136e+02 -1.074399999999999977e+02 -2.979100000000000250e+02
-2.546200000000000045e+02 -1.923100000000000023e+02 1.719000000000000128e+01 1.321299999999999955e+02 0.000000000000000000e+00 2.575799999999999841e+02 -9.099999999999999645e+00 4.530000000000000249e+00 1.296100000000000136e+02 2.010800000000000125e+02
1.041899999999999977e+02 1.428499999999999943e+02 1.963100000000000023e+02 8.289999999999999147e+00 0.000000000000000000e+00 4.509999999999999787e+00 2.124499999999999886e+02 1.169899999999999949e+02 -9.037000000000000455e+01 -1.168299999999999983e+02
-2.126999999999999957e+01 7.306000000000000227e+01 -2.269000000000000128e+01 -2.237999999999999901e+01 0.000000000000000000e+00 -3.242799999999999727e+02 -2.237999999999999901e+01 -1.057300000000000040e+02 4.120000000000000107e+00 1.316599999999999966e+02
-2.646000000000000085e+01 1.867000000000000171e+01 -1.433000000000000114e+02 -9.359999999999999432e+00 0.000000000000000000e+00 1.190199999999999960e+02 -2.503499999999999943e+02 -1.083199999999999932e+02 1.041000000000000014e+01 2.146699999999999875e+02
-1.512100000000000080e+02 -8.543000000000000682e+01 4.345000000000000284e+01 -2.907300000000000182e+02 0.000000000000000000e+00 5.206000000000000227e+02 4.527599999999999909e+02 1.762899999999999920e+02 -1.833000000000000114e+02 -1.895399999999999920e+02
2.061599999999999966e+02 1.868300000000000125e+02 5.327000000000000313e+01 2.865400000000000205e+02 0.000000000000000000e+00 -2.883100000000000023e+02 -3.627900000000000205e+02 3.135199999999999818e+02 8.506999999999999318e+01 -9.523999999999999488e+01
1.667100000000000080e+02 -1.564499999999999886e+02 4.089000000000000057e+01 -8.223999999999999488e+01 0.000000000000000000e+00 -5.136000000000000227e+02 2.006699999999999875e+02 -5.119700000000000273e+02 9.854000000000000625e+01 4.300999999999999801e+01
-8.370000000000000284e+01 -1.505000000000000000e+02 1.026500000000000057e+02 -4.982000000000000028e+01 0.000000000000000000e+00 6.090299999999999727e+02 -1.482800000000000011e+02 4.606000000000000227e+01 -5.532999999999999829e+01 2.473999999999999844e+01
-3.167699999999999818e+02 7.510999999999999943e+01 2.794999999999999929e+01 1.663899999999999864e+02 0.000000000000000000e+00 -8.235999999999999943e+01 5.288200000000000500e+02 1.180999999999999943e+02 -3.589000000000000057e+01 1.726000000000000156e+01
1.290399999999999920e+02 -1.917999999999999972e+01 -6.568000000000000682e+01 -2.458899999999999864e+02 0.000000000000000000e+00 -1.092199999999999989e+02 -4.918999999999999773e+02 2.229000000000000057e+02 -8.371999999999999886e+01 -1.291399999999999864e+02
6.274000000000000199e+01 1.339099999999999966e+02 -1.482599999999999909e+02 -1.042600000000000051e+02 0.000000000000000000e+00 1.400999999999999979e+01 7.395000000000000284e+01 -5.487799999999999727e+02 1.665399999999999920e+02 2.044499999999999886e+02
2.933999999999999986e+01 -9.730000000000000426e+00 -6.469999999999999751e+00 1.414099999999999966e+02 0.000000000000000000e+00 -1.005600000000000023e+02 9.242000000000000171e+01 4.033999999999999773e+02 5.200000000000000178e+00 -5.535000000000000142e+01
-8.999999999999999667e-02 7.350000000000000000e+01 2.649399999999999977e+02 -4.036999999999999744e+01 0.000000000000000000e+00 1.755500000000000114e+02 3.196000000000000085e+01 6.775000000000000000e+01 -4.320000000000000284e+01 -3.716600000000000250e+02
-4.789000000000000057e+01 -5.669999999999999929e+00 -3.450000000000000178e+00 5.274000000000000199e+01 0.000000000000000000e+00 3.121100000000000136e+02 -6.400000000000000133e-01 -2.444799999999999898e+02 -4.742999999999999972e+01 4.582900000000000205e+02
-6.781999999999999318e+01 -8.581999999999999318e+01 -3.477000000000000313e+01 1.232399999999999949e+02 0.000000000000000000e+00 -4.289599999999999795e+02 -5.230000000000000426e+00 4.763000000000000256e+01 8.839999999999999858e+00 -2.511800000000000068e+02
3.396000000000000085e+01 -3.490000000000000213e+00 5.247999999999999687e+01 -1.373000000000000043e+01 0.000000000000000000e+00 2.070000000000000000e+02 1.698999999999999844e+01 -2.088199999999999932e+02 -4.114000000000000057e+01 2.676600000000000250e+02
3.103000000000000114e+01 -9.206999999999999318e+01 1.741000000000000014e+01 -9.815000000000000568e+01 0.000000000000000000e+00 -1.966699999999999875e+02 -6.442000000000000171e+01 2.586999999999999886e+02 1.032099999999999937e+02 -9.345999999999999375e+01
-8.568000000000000682e+01 3.898600000000000136e+02 -1.438600000000000136e+02 8.550000000000000711e+00 0.000000000000000000e+00 -2.044699999999999989e+02 1.792299999999999898e+02 -2.247800000000000011e+02 -1.480399999999999920e+02 -1.347599999999999909e+02
1.967000000000000171e+01 -2.184499999999999886e+02 3.872999999999999687e+01 -2.578000000000000114e+01 0.000000000000000000e+00 3.697799999999999727e+02 -1.082500000000000000e+02 1.166999999999999993e+01 -2.421999999999999886e+01 -1.602400000000000091e+02
8.982999999999999829e+01 -1.879199999999999875e+02 1.665300000000000011e+02 -6.751999999999999602e+01 0.000000000000000000e+00 3.566600000000000250e+02 3.932999999999999829e+01 3.211200000000000045e+02 6.056000000000000227e+01 -1.398499999999999943e+02
-1.116700000000000017e+02 1.636800000000000068e+02 -5.842000000000000171e+01 -3.645000000000000284e+01 0.000000000000000000e+00 -3.375299999999999727e+02 -2.502199999999999989e+02 -1.171500000000000057e+02 1.366500000000000057e+02 4.103500000000000227e+02
7.826000000000000512e+01 2.408700000000000045e+02 -1.899999999999999911e+00 5.535000000000000142e+01 0.000000000000000000e+00 -2.405900000000000034e+02 4.431499999999999773e+02 -1.576399999999999864e+02 -1.282299999999999898e+02 -1.585500000000000114e+02
1.250699999999999932e+02 -2.170399999999999920e+02 -7.390000000000000568e+01 1.484099999999999966e+02 0.000000000000000000e+00 2.455000000000000000e+02 -2.357899999999999920e+02 -5.200000000000000000e+01 1.710000000000000142e+01 1.484300000000000068e+02
-1.069399999999999977e+02 -4.139000000000000057e+01 2.696200000000000045e+02 -2.545500000000000114e+02 0.000000000000000000e+00 -1.988000000000000114e+02 -4.636100000000000136e+02 6.393999999999999773e+01 -1.212699999999999960e+02 -4.400000000000000000e+01
-3.915999999999999659e+01 -2.493799999999999955e+02 -1.658899999999999864e+02 3.584000000000000341e+01 0.000000000000000000e+00 -2.063899999999999864e+02 6.824700000000000273e+02 -3.371999999999999886e+01 2.828100000000000023e+02 -4.990000000000000213e+00
3.950000000000000178e+00 2.372299999999999898e+02 -8.281999999999999318e+01 1.875900000000000034e+02 0.000000000000000000e+00 4.345099999999999909e+02 -3.454100000000000250e+02 5.467999999999999972e+01 -6.790000000000000568e+01 -1.466299999999999955e+02
-6.254999999999999716e+01 1.774900000000000091e+02 1.773100000000000023e+02 2.757999999999999829e+01 0.000000000000000000e+00 5.495000000000000284e+01 3.574300000000000068e+02 -1.910999999999999943e+02 -2.438700000000000045e+02 -1.103299999999999983e+02
1.401899999999999977e+02 -7.665000000000000568e+01 -1.277300000000000040e+02 5.370000000000000107e+00 0.000000000000000000e+00 -3.209399999999999977e+02 -5.626200000000000045e+02 3.567200000000000273e+02 -9.310000000000000497e+00 1.787999999999999901e+01
9.526999999999999602e+01 -8.810999999999999943e+01 -2.858999999999999986e+01 2.785000000000000142e+01 0.000000000000000000e+00 1.773400000000000034e+02 2.271500000000000057e+02 -3.421600000000000250e+02 2.552599999999999909e+02 1.512700000000000102e+02
-3.547999999999999687e+01 5.993999999999999773e+01 -1.563000000000000078e+01 -4.182999999999999829e+01 0.000000000000000000e+00 -1.343000000000000114e+02 -3.060000000000000142e+01 1.461999999999999922e+01 9.104999999999999716e+01 1.557100000000000080e+02
5.407999999999999829e+01 -5.075999999999999801e+01 -6.192000000000000171e+01 -4.614000000000000057e+01 0.000000000000000000e+00 2.558600000000000136e+02 -2.705000000000000071e+01 4.724000000000000199e+01 -1.590800000000000125e+02 -2.185000000000000000e+02
-7.440999999999999659e+01 1.128799999999999955e+02 1.442299999999999898e+02 -5.060000000000000142e+01 0.000000000000000000e+00 -2.528600000000000136e+02 -2.669000000000000128e+01 3.056100000000000136e+02 -1.271899999999999977e+02 -1.062900000000000063e+02
-8.568000000000000682e+01 -6.765000000000000568e+01 -2.003600000000000136e+02 8.237000000000000455e+01 0.000000000000000000e+00 1.207800000000000011e+02 -1.149000000000000057e+02 -1.179500000000000028e+02 1.960800000000000125e+02 9.484000000000000341e+01
6.519999999999999574e+00 2.086399999999999864e+02 2.070900000000000034e+02 -9.198999999999999488e+01 0.000000000000000000e+00 1.659099999999999966e+02 3.065500000000000114e+02 -4.857699999999999818e+02 -9.426999999999999602e+01 -3.859000000000000341e+01
-2.330000000000000071e+01 8.421999999999999886e+01 -1.903000000000000114e+01 -1.748799999999999955e+02 0.000000000000000000e+00 -2.299699999999999989e+02 -4.034399999999999977e+02 4.358199999999999932e+02 -2.857999999999999829e+01 4.032000000000000028e+01
3.571000000000000085e+01 -3.453399999999999750e+02 -3.418700000000000045e+02 2.950699999999999932e+02 0.000000000000000000e+00 -2.996000000000000085e+01 3.578899999999999864e+02 -1.759300000000000068e+02 7.684000000000000341e+01 1.920399999999999920e+02
9.059000000000000341e+01 8.748999999999999488e+01 2.049699999999999989e+02 -4.304999999999999716e+01 0.000000000000000000e+00 1.006400000000000006e+02 -2.209099999999999966e+02 -1.322199999999999989e+02 8.962000000000000455e+01 -2.306200000000000045e+02
-1.470699999999999932e+02 1.253100000000000023e+02 -2.376000000000000156e+01 9.276999999999999602e+01 0.000000000000000000e+00 -1.826299999999999955e+02 -2.529799999999999898e+02 1.898499999999999943e+02 -1.009399999999999977e+02 -1.807999999999999829e+01
7.420000000000000284e+01 1.820600000000000023e+02 -9.303000000000000114e+01 -7.789000000000000057e+01 0.000000000000000000e+00 -6.956000000000000227e+01 4.099800000000000182e+02 1.134599999999999937e+02 -2.155000000000000071e+01 1.996800000000000068e+02
-1.824600000000000080e+02 -2.296500000000000057e+02 -3.578999999999999915e+01 -6.412999999999999545e+01 0.000000000000000000e+00 3.950899999999999750e+02 -8.406000000000000227e+01 -1.559099999999999966e+02 -1.225199999999999960e+02 -1.052000000000000028e+02
2.687999999999999901e+01 1.085199999999999960e+02 -7.229999999999999716e+01 1.264300000000000068e+02 0.000000000000000000e+00 -2.700400000000000205e+02 -7.207999999999999829e+01 2.067899999999999920e+02 1.072600000000000051e+02 -1.524000000000000021e+01
1.713700000000000045e+02 -2.654100000000000250e+02 1.366200000000000045e+02 -9.368999999999999773e+01 0.000000000000000000e+00 -8.318000000000000682e+01 -2.688100000000000023e+02 -2.338700000000000045e+02 -3.257999999999999829e+01 2.966000000000000014e+01
-9.565000000000000568e+01 3.676299999999999955e+02 -1.100100000000000051e+02 -3.534000000000000341e+01 0.000000000000000000e+00 2.075999999999999943e+02 2.932999999999999829e+01 -1.763799999999999955e+02 -8.890000000000000568e+01 -2.728299999999999841e+02
1.317800000000000011e+02 -1.754799999999999898e+02 -3.453000000000000114e+01 1.150900000000000034e+02 0.000000000000000000e+00 -1.995900000000000034e+02 4.057099999999999795e+02 2.859800000000000182e+02 1.122600000000000051e+02 -7.659999999999999432e+01
-5.315999999999999659e+01 -7.996999999999999886e+01 -1.901599999999999966e+02 -6.307000000000000028e+01 0.000000000000000000e+00 1.459999999999999964e+01 -1.119899999999999949e+02 1.448499999999999943e+02 3.814000000000000057e+01 -4.960000000000000142e+01
-1.104000000000000057e+02 2.981899999999999977e+02 1.845099999999999909e+02 -6.303000000000000114e+01 0.000000000000000000e+00 9.054000000000000625e+01 -1.029000000000000057e+02 -1.439399999999999977e+02 -6.280000000000000249e+00 5.847400000000000091e+02
-9.820000000000000284e+00 -1.409900000000000091e+02 4.475000000000000000e+01 2.232899999999999920e+02 0.000000000000000000e+00 -1.161599999999999966e+02 1.384999999999999964e+01 2.976999999999999957e+01 3.715999999999999659e+01 -1.057199999999999989e+02
1.117600000000000051e+02 -1.489000000000000057e+01 -1.539000000000000057e+02 -4.179999999999999716e+01 0.000000000000000000e+00 9.849999999999999645e+00 1.506999999999999886e+02 6.454999999999999716e+01 -9.128000000000000114e+01 -3.539999999999999858e+01
-1.299900000000000091e+02 1.934699999999999989e+02 8.599999999999999867e-01 -2.042000000000000171e+01 0.000000000000000000e+00 1.748300000000000125e+02 -4.020299999999999727e+02 4.070099999999999909e+02 3.384000000000000341e+01 -2.363899999999999864e+02
4.778000000000000114e+01 -4.041899999999999977e+02 3.463000000000000256e+01 1.452199999999999989e+02 0.000000000000000000e+00 2.673999999999999844e+01 2.873000000000000043e+01 -5.460299999999999727e+02 -1.735999999999999943e+01 6.973000000000000398e+01
2.198300000000000125e+02 1.608300000000000125e+02 -2.198999999999999844e+01 -2.204499999999999886e+02 0.000000000000000000e+00 -3.873700000000000045e+02 1.486899999999999977e+02 1.597000000000000064e+01 -3.850999999999999801e+01 -3.800000000000000044e-01
-2.699399999999999977e+02 1.265300000000000011e+02 -1.339499999999999886e+02 1.217999999999999972e+01 0.000000000000000000e+00 1.147399999999999949e+02 -1.650000000000000000e+01 2.604200000000000159e+02 2.759999999999999787e+00 -2.453799999999999955e+02
3.585999999999999943e+01 6.745999999999999375e+01 4.764999999999999858e+01 1.068700000000000045e+02 0.000000000000000000e+00 1.728100000000000023e+02 4.326600000000000250e+02 -5.021200000000000045e+02 1.011400000000000006e+02 2.855500000000000114e+02
-1.246500000000000057e+02 -1.653300000000000125e+02 8.039999999999999147e+00 4.885000000000000142e+01 0.000000000000000000e+00 1.666999999999999886e+02 -6.212699999999999818e+02 5.744400000000000546e+02 -2.827099999999999795e+02 3.033299999999999841e+02
2.217000000000000171e+01 1.700600000000000023e+02 -1.189000000000000057e+02 -1.476800000000000068e+02 0.000000000000000000e+00 -4.587699999999999818e+02 2.884499999999999886e+02 -1.316800000000000068e+02 1.972700000000000102e+02 -3.381100000000000136e+02
1.358000000000000114e+02 -6.540000000000000568e+01 -6.229999999999999716e+01 4.102000000000000313e+01 0.000000000000000000e+00 3.470600000000000023e+02 -4.160000000000000142e+01 -3.082900000000000205e+02 3.005000000000000071e+01 -1.692500000000000000e+02
2.812000000000000099e+01 2.719000000000000128e+01 1.802299999999999898e+02 3.194999999999999929e+01 0.000000000000000000e+00 -1.603000000000000114e+02 5.149000000000000199e+01 1.548799999999999955e+02 -1.389499999999999886e+02 2.526899999999999977e+02
-2.589999999999999858e+01 1.359999999999999964e+01 -6.165999999999999659e+01 1.194699999999999989e+02 0.000000000000000000e+00 9.489000000000000057e+01 -2.598500000000000227e+02 2.700400000000000205e+02 1.926000000000000156e+01 4.506000000000000227e+01
1.058900000000000006e+02 -4.285999999999999943e+01 -7.723999999999999488e+01 -1.443899999999999864e+02 0.000000000000000000e+00 1.566000000000000014e+01 3.683600000000000136e+02 -5.251699999999999591e+02 8.410999999999999943e+01 -4.066800000000000068e+02
-2.515200000000000102e+02 2.605999999999999872e+01 -1.580000000000000071e+00 2.646999999999999886e+01 0.000000000000000000e+00 1.405500000000000114e+02 -4.677000000000000313e+01 4.413700000000000045e+02 -4.935000000000000142e+01 3.173500000000000227e+02
-1.560999999999999943e+01 1.115000000000000036e+01 2.026999999999999957e+01 7.320000000000000284e+01 0.000000000000000000e+00 -2.111999999999999886e+02 -2.536100000000000136e+02 1.758600000000000136e+02 -7.493999999999999773e+01 7.965000000000000568e+01
6.520999999999999375e+01 -2.277299999999999898e+02 -1.211500000000000057e+02 4.665999999999999659e+01 0.000000000000000000e+00 1.288700000000000045e+02 3.874700000000000273e+02 -3.157599999999999909e+02 4.950000000000000000e+01 -6.128999999999999915e+01
1.103299999999999983e+02 2.477800000000000011e+02 -2.664000000000000057e+01 -6.468999999999999773e+01 0.000000000000000000e+00 1.845600000000000023e+02 1.907000000000000028e+01 3.077599999999999909e+02 5.214000000000000057e+01 -1.395500000000000114e+02
-4.209000000000000341e+01 1.767199999999999989e+02 9.196999999999999886e+01 1.283899999999999864e+02 0.000000000000000000e+00 -2.521699999999999875e+02 -1.893899999999999864e+02 -4.143799999999999955e+02 2.569999999999999840e+00 7.039000000000000057e+01
4.400000000000000022e-01 1.388300000000000125e+02 3.229999999999999982e+00 1.122000000000000064e+01 0.000000000000000000e+00 -6.389000000000000057e+01 -1.553799999999999955e+02 2.842799999999999727e+02 -3.303999999999999915e+01 -2.282100000000000080e+02
-1.705999999999999943e+02 -4.016399999999999864e+02 -6.285000000000000142e+01 -6.429999999999999716e+01 0.000000000000000000e+00 1.847700000000000102e+02 4.092300000000000182e+02 -1.174699999999999989e+02 3.486999999999999744e+01 2.111999999999999886e+02
4.935999999999999943e+01 1.000499999999999972e+02 -3.517999999999999972e+01 4.870000000000000284e+01 0.000000000000000000e+00 1.929900000000000091e+02 -2.170600000000000023e+02 -1.242800000000000011e+02 -7.382999999999999829e+01 5.786999999999999744e+01
3.534000000000000341e+01 9.173999999999999488e+01 -1.149800000000000040e+02 1.692999999999999972e+01 0.000000000000000000e+00 -2.816200000000000045e+02 3.260099999999999909e+02 7.248000000000000398e+01 1.138199999999999932e+02 4.535999999999999943e+01
4.820000000000000284e+01 -1.375000000000000000e+02 1.432500000000000000e+02 5.700000000000000000e+01 0.000000000000000000e+00 3.321000000000000227e+02 -2.429099999999999966e+02 2.978399999999999750e+02 -1.547000000000000064e+01 -1.000000000000000000e+00
3.559000000000000341e+01 7.945999999999999375e+01 -2.799499999999999886e+02 1.109699999999999989e+02 0.000000000000000000e+00 -3.126800000000000068e+02 4.557000000000000028e+01 -2.971600000000000250e+02 -2.369799999999999898e+02 -3.073000000000000043e+01
3.596000000000000085e+01 -8.740000000000000213e+00 1.395500000000000114e+02 -1.241999999999999993e+01 0.000000000000000000e+00 -1.444000000000000057e+02 1.381899999999999977e+02 -9.751999999999999602e+01 8.895999999999999375e+01 -4.339999999999999858e+01
-3.886999999999999744e+01 -7.181000000000000227e+01 2.698000000000000043e+01 -1.502999999999999936e+01 0.000000000000000000e+00 4.886700000000000159e+02 1.324000000000000021e+01 5.211999999999999744e+01 3.427000000000000313e+01 6.500000000000000000e+00
-1.467700000000000102e+02 4.279999999999999716e+01 -9.987000000000000455e+01 -7.104999999999999716e+01 0.000000000000000000e+00 -2.513600000000000136e+02 -1.630099999999999909e+02 3.226899999999999977e+02 3.753999999999999915e+01 -1.340900000000000034e+02
3.278000000000000114e+01 6.723000000000000398e+01 -1.446100000000000136e+02 -3.743999999999999773e+01 0.000000000000000000e+00 -2.060600000000000023e+02 1.500600000000000023e+02 -1.386500000000000057e+02 -8.784999999999999432e+01 3.331700000000000159e+02
7.829000000000000625e+01 2.685999999999999943e+01 -6.530000000000000249e+00 2.141399999999999864e+02 0.000000000000000000e+00 4.568000000000000114e+02 9.789999999999999147e+00 -1.628000000000000114e+02 9.589999999999999858e+00 -3.655199999999999818e+02
1.794000000000000128e+01 5.099999999999999645e+00 -2.032999999999999829e+01 5.965999999999999659e+01 0.000000000000000000e+00 -2.358700000000000045e+02 9.087000000000000455e+01 2.651600000000000250e+02 -8.864000000000000057e+01 -1.894000000000000128e+01
-1.002199999999999989e+02 2.582000000000000028e+01 2.051000000000000156e+01 -1.450699999999999932e+02 0.000000000000000000e+00 1.137699999999999960e+02 2.500600000000000023e+02 -2.767699999999999818e+02 -7.262000000000000455e+01 1.332000000000000028e+01
4.503000000000000114e+01 -3.346700000000000159e+02 8.417000000000000171e+01 1.715099999999999909e+02 0.000000000000000000e+00 -4.834000000000000341e+01 -5.124900000000000091e+02 2.070099999999999909e+02 -3.660999999999999943e+01 2.673999999999999844e+01
2.125000000000000000e+01 4.522500000000000000e+02 -7.299999999999999822e-01 1.148499999999999943e+02 0.000000000000000000e+00 -1.331200000000000045e+02 2.613999999999999773e+02 9.643999999999999773e+01 1.090100000000000051e+02 1.654799999999999898e+02
-6.779999999999999716e+01 -3.661600000000000250e+02 -2.044900000000000091e+02 -2.273999999999999844e+01 0.000000000000000000e+00 1.898999999999999844e+01 1.627100000000000080e+02 -1.488300000000000125e+02 4.799999999999999822e-01 -8.998999999999999488e+01
-1.812000000000000099e+01 1.794999999999999929e+01 2.612599999999999909e+02 -4.313000000000000256e+01 0.000000000000000000e+00 3.004800000000000182e+02 -2.094799999999999898e+02 2.126000000000000156e+01 -6.189999999999999858e+01 -9.245000000000000284e+01
1.166299999999999955e+02 1.075199999999999960e+02 -1.760500000000000114e+02 -5.714000000000000057e+01 0.000000000000000000e+00 -7.234000000000000341e+01 1.730600000000000023e+02 -6.629999999999999716e+01 2.041000000000000014e+01 6.150000000000000000e+01
1.204099999999999966e+02 -3.720000000000000284e+01 -3.460000000000000142e+01 2.708700000000000045e+02 0.000000000000000000e+00 -1.223400000000000034e+02 -1.226999999999999957e+01 4.021000000000000085e+01 1.669999999999999929e+01 2.244999999999999929e+01
-3.146000000000000227e+02 2.419399999999999977e+02 -5.043999999999999773e+01 -4.257000000000000028e+01 0.000000000000000000e+00 1.183999999999999986e+01 -2.321200000000000045e+02 7.075000000000000000e+01 -1.894000000000000128e+01 -5.834000000000000341e+01
1.021400000000000006e+02 -2.824900000000000091e+02 2.169999999999999929e+01 -2.757999999999999829e+01 0.000000000000000000e+00 -1.931899999999999977e+02 3.325600000000000023e+02 1.030000000000000071e+01 -1.969499999999999886e+02 7.909000000000000341e+01
1.410200000000000102e+02 2.444900000000000091e+02 -5.227000000000000313e+01 -1.682999999999999829e+01 0.000000000000000000e+00 4.263100000000000023e+02 -1.466399999999999864e+02 1.218700000000000045e+02 2.910600000000000023e+02 -1.303799999999999955e+02
-6.754000000000000625e+01 1.932599999999999909e+02 1.622199999999999989e+02 -9.040999999999999659e+01 0.000000000000000000e+00 -2.963700000000000045e+02 9.062000000000000455e+01 -3.092699999999999818e+02 -4.993999999999999773e+01 -8.603000000000000114e+01
-3.611999999999999744e+01 -2.402100000000000080e+02 -1.768499999999999943e+02 1.669099999999999966e+02 0.000000000000000000e+00 5.203999999999999915e+01 -1.114000000000000057e+02 2.148000000000000114e+02 3.021999999999999886e+01 1.437199999999999989e+02
1.378000000000000114e+02 1.262900000000000063e+02 -2.889999999999999858e+01 -2.727799999999999727e+02 0.000000000000000000e+00 2.253499999999999943e+02 1.487500000000000000e+02 1.083000000000000007e+01 -3.243999999999999773e+01 3.450000000000000178e+00
-1.111800000000000068e+02 -3.526299999999999955e+02 9.742000000000000171e+01 2.135399999999999920e+02 0.000000000000000000e+00 -2.771899999999999977e+02 1.318999999999999950e+01 -3.323299999999999841e+02 3.531000000000000227e+01 -1.097199999999999989e+02
-1.120100000000000051e+02 1.065799999999999983e+02 -4.149000000000000199e+01 -4.700000000000000178e+00 0.000000000000000000e+00 -8.242000000000000171e+01 5.163000000000000256e+01 2.882099999999999795e+02 -9.537999999999999545e+01 1.266999999999999993e+01
3.525999999999999801e+01 2.093600000000000136e+02 -6.103000000000000114e+01 -8.976000000000000512e+01 0.000000000000000000e+00 1.314600000000000080e+02 1.080300000000000011e+02 -1.079099999999999966e+02 5.120000000000000284e+01 2.455000000000000071e+01
1.344600000000000080e+02 1.214099999999999966e+02 1.113400000000000034e+02 -5.699999999999999512e-01 0.000000000000000000e+00 4.489300000000000068e+02 -3.595899999999999750e+02 3.627500000000000000e+02 -5.914999999999999858e+01 2.069499999999999886e+02
-1.197000000000000064e+01 -1.194000000000000057e+02 -3.674000000000000199e+01 -2.135000000000000142e+01 0.000000000000000000e+00 -5.712300000000000182e+02 3.988899999999999864e+02 -1.188799999999999955e+02 1.325000000000000000e+02 -1.739999999999999858e+01
2.951999999999999957e+01 -6.084000000000000341e+01 -1.576399999999999864e+02 -1.846000000000000085e+01 0.000000000000000000e+00 2.966700000000000159e+02 -8.820000000000000284e+01 -1.903100000000000023e+02 -9.134000000000000341e+01 -2.743999999999999773e+02
6.475000000000000000e+01 2.185699999999999932e+02 1.560699999999999932e+02 2.725000000000000000e+01 0.000000000000000000e+00 -5.763000000000000256e+01 6.242000000000000171e+01 -1.426699999999999875e+02 7.189000000000000057e+01 -5.714999999999999858e+01
-2.060000000000000053e+00 5.503000000000000114e+01 3.722999999999999687e+01 1.268599999999999994e+02 0.000000000000000000e+00 1.766000000000000014e+01 -1.595500000000000114e+02 4.280099999999999909e+02 -3.352000000000000313e+01 1.164200000000000017e+02
-3.102699999999999818e+02 -2.131100000000000136e+02 -5.186999999999999744e+01 -5.571000000000000085e+01 0.000000000000000000e+00 9.939000000000000057e+01 2.669999999999999929e+00 -1.850099999999999909e+02 -3.375999999999999801e+01 -7.220999999999999375e+01
6.817000000000000171e+01 1.317800000000000011e+02 -5.368999999999999773e+01 -1.731899999999999977e+02 0.000000000000000000e+00 -9.276000000000000512e+01 2.280000000000000000e+02 3.775999999999999801e+01 -4.689999999999999858e+01 2.127599999999999909e+02
2.992000000000000171e+01 -1.424499999999999886e+02 -9.143999999999999773e+01 1.240300000000000011e+02 0.000000000000000000e+00 -1.731999999999999886e+02 1.336800000000000068e+02 -1.157000000000000028e+02 9.645000000000000284e+01 2.448000000000000043e+01
1.321500000000000057e+02 2.946100000000000136e+02 5.809000000000000341e+01 -7.098000000000000398e+01 0.000000000000000000e+00 5.477000000000000313e+01 -4.956999999999999886e+02 8.159000000000000341e+01 9.839999999999999858e+00 -1.469399999999999977e+02
-2.901999999999999957e+01 -2.658799999999999955e+02 5.314999999999999858e+01 4.175799999999999841e+02 0.000000000000000000e+00 3.032900000000000205e+02 5.474600000000000364e+02 -1.087600000000000051e+02 8.173000000000000398e+01 -3.611899999999999977e+02
2.141000000000000014e+01 1.479799999999999898e+02 -7.906999999999999318e+01 -2.247700000000000102e+02 0.000000000000000000e+00 -1.321399999999999864e+02 -3.942500000000000000e+02 1.259200000000000017e+02 -1.689999999999999947e+00 3.610299999999999727e+02
-1.831200000000000045e+02 -1.010799999999999983e+02 7.103000000000000114e+01 -3.472099999999999795e+02 0.000000000000000000e+00 -6.025000000000000000e+01 -5.717999999999999972e+01 -1.673600000000000136e+02 -4.338000000000000256e+01 1.156800000000000068e+02
-3.146999999999999886e+01 8.982999999999999829e+01 -1.629199999999999875e+02 3.155999999999999872e+01 0.000000000000000000e+00 1.982000000000000028e+01 3.056000000000000227e+02 1.461699999999999875e+02 -7.562999999999999545e+01 -2.638899999999999864e+02
6.257000000000000028e+01 -2.321399999999999864e+02 -1.234800000000000040e+02 8.406000000000000227e+01 0.000000000000000000e+00 -3.103799999999999955e+02 -9.609000000000000341e+01 1.002999999999999936e+01 1.682500000000000000e+02 -1.679799999999999898e+02
1.072800000000000011e+02 -6.302000000000000313e+01 3.609999999999999876e+00 -5.611999999999999744e+01 0.000000000000000000e+00 2.355500000000000114e+02 7.629999999999999716e+01 -1.787899999999999920e+02 -2.781600000000000250e+02 5.033999999999999773e+02
8.632999999999999829e+01 2.759499999999999886e+02 2.060399999999999920e+02 1.301699999999999875e+02 0.000000000000000000e+00 3.682799999999999727e+02 -2.312199999999999989e+02 3.904300000000000068e+02 3.490899999999999750e+02 -3.831200000000000045e+02
-1.239899999999999949e+02 -8.919999999999999929e+00 -8.829999999999999716e+01 -4.274000000000000199e+01 0.000000000000000000e+00 -4.925000000000000000e+01 3.407500000000000000e+02 -4.180099999999999909e+02 -2.889499999999999886e+02 3.082900000000000205e+02
-2.876000000000000156e+01 -2.104399999999999977e+02 -4.246000000000000085e+01 -1.467299999999999898e+02 0.000000000000000000e+00 -3.815000000000000000e+02 -3.147200000000000273e+02 1.841100000000000136e+02 8.759999999999999432e+01 -2.119199999999999875e+02
-6.407999999999999829e+01 9.115999999999999659e+01 -1.500399999999999920e+02 6.951999999999999602e+01 0.000000000000000000e+00 2.298899999999999864e+02 1.238700000000000045e+02 -3.990999999999999659e+01 -1.411800000000000068e+02 2.697599999999999909e+02
-7.668000000000000682e+01 1.235499999999999972e+02 6.954999999999999716e+01 -2.604700000000000273e+02 0.000000000000000000e+00 -2.972900000000000205e+02 1.293799999999999955e+02 3.999000000000000199e+01 1.649199999999999875e+02 -2.929100000000000250e+02
1.144500000000000028e+02 1.719499999999999886e+02 -3.921999999999999886e+01 3.801399999999999864e+02 0.000000000000000000e+00 3.783899999999999864e+02 -2.138499999999999943e+02 6.053000000000000114e+01 -1.455000000000000071e+01 1.030000000000000027e+00
1.719999999999999973e+00 -2.120000000000000107e+00 1.005100000000000051e+02 1.761299999999999955e+02 0.000000000000000000e+00 -6.389999999999999680e+00 9.945000000000000284e+01 -1.112999999999999972e+02 7.023000000000000398e+01 4.885999999999999943e+01
8.651000000000000512e+01 -8.876000000000000512e+01 6.610999999999999943e+01 -2.884499999999999886e+02 0.000000000000000000e+00 -8.918000000000000682e+01 1.386699999999999875e+02 6.479999999999999716e+01 -1.968799999999999955e+02 1.209699999999999989e+02
-3.071000000000000085e+01 9.370999999999999375e+01 -1.971899999999999977e+02 -4.703999999999999915e+01 0.000000000000000000e+00 6.564000000000000057e+01 -7.148000000000000398e+01 3.217000000000000171e+01 -9.387999999999999545e+01 -2.489499999999999886e+02
-5.027000000000000313e+01 -1.131800000000000068e+02 -8.943999999999999773e+01 1.214599999999999937e+02 0.000000000000000000e+00 2.930000000000000000e+02 -2.025500000000000114e+02 -1.042099999999999937e+02 1.177099999999999937e+02 2.132000000000000028e+01
-8.871999999999999886e+01 -1.124599999999999937e+02 1.367100000000000080e+02 7.448999999999999488e+01 0.000000000000000000e+00 -3.578500000000000227e+02 -2.596000000000000085e+01 -2.094300000000000068e+02 -1.059099999999999966e+02 1.231800000000000068e+02
1.473199999999999932e+02 1.024699999999999989e+02 1.641000000000000014e+01 -2.671999999999999886e+01 0.000000000000000000e+00 4.799999999999999822e-01 3.076800000000000068e+02 1.464000000000000057e+01 -4.157999999999999829e+01 1.163900000000000006e+02
9.371999999999999886e+01 -1.887000000000000099e+01 1.074399999999999977e+02 -4.200000000000000000e+01 0.000000000000000000e+00 2.048400000000000034e+02 -1.191400000000000006e+02 1.763799999999999955e+02 2.061699999999999875e+02 1.071599999999999966e+02
-1.194000000000000057e+02 4.669999999999999929e+00 -8.904999999999999716e+01 1.568000000000000114e+02 0.000000000000000000e+00 -3.123899999999999864e+02 -3.363799999999999955e+02 3.294100000000000250e+02 -8.493999999999999773e+01 -3.181299999999999955e+02
-4.025000000000000000e+01 7.818999999999999773e+01 1.352999999999999936e+01 -2.032500000000000000e+02 0.000000000000000000e+00 5.231000000000000227e+01 5.595499999999999545e+02 -2.814700000000000273e+02 3.850000000000000000e+01 1.963700000000000045e+02
1.448000000000000114e+02 -1.025199999999999960e+02 1.003400000000000034e+02 1.152500000000000000e+02 0.000000000000000000e+00 3.540699999999999932e+02 -3.062300000000000182e+02 -7.020000000000000284e+01 -1.133999999999999986e+01 -8.776999999999999602e+01
-5.925999999999999801e+01 -1.844600000000000080e+02 -1.354300000000000068e+02 -3.990999999999999659e+01 0.000000000000000000e+00 -8.473999999999999488e+01 2.305000000000000071e+01 6.021999999999999886e+01 1.235300000000000011e+02 -1.555099999999999909e+02
-7.678000000000000114e+01 2.865299999999999727e+02 2.375300000000000011e+02 1.000999999999999943e+02 0.000000000000000000e+00 -2.323300000000000125e+02 7.248999999999999488e+01 -6.832999999999999829e+01 2.221000000000000085e+01 3.123999999999999844e+01
-2.454000000000000057e+02 -1.449300000000000068e+02 -2.260600000000000023e+02 -2.716700000000000159e+02 0.000000000000000000e+00 6.726000000000000512e+01 -3.905099999999999909e+02 -2.869999999999999929e+01 -2.285900000000000034e+02 -1.680999999999999943e+02
3.327300000000000182e+02 -1.125999999999999979e+01 -1.183000000000000007e+01 1.840999999999999943e+02 0.000000000000000000e+00 1.680999999999999872e+01 3.486200000000000045e+02 1.640300000000000011e+02 -6.110999999999999943e+01 3.570000000000000000e+02
-2.084399999999999977e+02 1.163599999999999994e+02 1.628999999999999915e+01 -1.804399999999999977e+02 0.000000000000000000e+00 -1.016800000000000068e+02 1.419499999999999886e+02 8.067000000000000171e+01 1.825500000000000114e+02 -2.883799999999999955e+02
2.760000000000000142e+01 -6.419999999999999929e+00 2.280399999999999920e+02 2.335399999999999920e+02 0.000000000000000000e+00 1.896399999999999864e+02 1.185699999999999932e+02 -3.746800000000000068e+02 3.984000000000000341e+01 1.294099999999999966e+02
1.075999999999999979e+01 2.690500000000000114e+02 -1.272199999999999989e+02 -1.870500000000000114e+02 0.000000000000000000e+00 2.840899999999999750e+02 -5.165399999999999636e+02 2.843299999999999841e+02 -1.893899999999999864e+02 -1.239000000000000057e+01
-1.153999999999999915e+01 -1.316399999999999864e+02 -1.749499999999999886e+02 6.500000000000000222e-01 0.000000000000000000e+00 -4.772900000000000205e+02 1.184200000000000017e+02 -2.102899999999999920e+02 1.894600000000000080e+02 3.452000000000000313e+01
-3.204999999999999716e+01 2.386899999999999977e+02 1.147500000000000000e+02 -8.490000000000000213e+00 0.000000000000000000e+00 -2.631200000000000045e+02 1.679300000000000068e+02 2.384799999999999898e+02 -1.951000000000000156e+01 -3.068299999999999841e+02
1.923999999999999844e+01 -1.764000000000000057e+01 1.427500000000000000e+02 -1.149899999999999949e+02 0.000000000000000000e+00 2.768000000000000114e+02 1.722500000000000000e+02 -1.052199999999999989e+02 -1.012800000000000011e+02 3.634800000000000182e+02
5.254999999999999716e+01 -3.746000000000000085e+01 1.898000000000000043e+01 -9.909999999999999432e+01 0.000000000000000000e+00 3.851999999999999886e+02 -1.742700000000000102e+02 -1.168199999999999932e+02 -2.671999999999999886e+01 -2.139699999999999989e+02
1.310999999999999943e+01 -2.639599999999999795e+02 -1.757000000000000028e+01 7.981000000000000227e+01 0.000000000000000000e+00 -3.097699999999999818e+02 -1.794199999999999875e+02 3.154200000000000159e+02 7.862999999999999545e+01 2.111200000000000045e+02
-9.146999999999999886e+01 -8.545999999999999375e+01 3.686999999999999744e+01 1.173799999999999955e+02 0.000000000000000000e+00 -1.077800000000000011e+02 2.491399999999999864e+02 -1.547000000000000064e+01 -1.721299999999999955e+02 -5.203400000000000318e+02
2.373300000000000125e+02 2.214399999999999977e+02 2.029999999999999805e+00 -7.290000000000000568e+01 0.000000000000000000e+00 1.851800000000000068e+02 -2.356699999999999875e+02 -2.328000000000000114e+02 6.601999999999999602e+01 5.652000000000000313e+01
-1.279099999999999966e+02 -2.958000000000000114e+02 -1.193700000000000045e+02 -6.734999999999999432e+01 0.000000000000000000e+00 -3.151499999999999773e+02 1.699099999999999966e+02 6.993999999999999773e+01 1.958799999999999955e+02 1.968199999999999932e+02
2.339000000000000057e+01 1.873999999999999844e+01 1.943199999999999932e+02 1.713799999999999955e+02 0.000000000000000000e+00 5.950999999999999801e+01 2.239999999999999858e+01 5.049000000000000199e+01 -8.576999999999999602e+01 2.255800000000000125e+02
-6.103000000000000114e+01 1.978000000000000114e+02 5.059999999999999609e+00 -8.342000000000000171e+01 0.000000000000000000e+00 4.374599999999999795e+02 3.811999999999999744e+01 5.939000000000000057e+01 7.190999999999999659e+01 -3.113500000000000227e+02
-2.451999999999999957e+01 -8.354000000000000625e+01 3.328999999999999915e+01 7.273000000000000398e+01 0.000000000000000000e+00 -2.064000000000000057e+01 -2.373000000000000114e+02 1.197900000000000063e+02 -9.592000000000000171e+01 3.284499999999999886e+02
-7.415000000000000568e+01 1.306399999999999864e+02 -1.820999999999999943e+02 -3.274800000000000182e+02 0.000000000000000000e+00 -4.391499999999999773e+02 3.149200000000000159e+02 7.270000000000000284e+01 -7.178000000000000114e+01 -3.319499999999999886e+02
-6.987999999999999545e+01 4.279999999999999716e+01 1.039599999999999937e+02 1.275600000000000023e+02 0.000000000000000000e+00 -1.018999999999999950e+01 -1.030499999999999972e+02 -1.511299999999999955e+02 -7.757999999999999829e+01 -6.500000000000000222e-01
4.706000000000000227e+01 8.092000000000000171e+01 1.139000000000000057e+02 -3.553000000000000114e+01 0.000000000000000000e+00 3.544200000000000159e+02 -9.876000000000000512e+01 -1.526399999999999864e+02 1.645200000000000102e+02 4.565999999999999659e+01
8.879999999999999716e+01 1.026200000000000045e+02 1.474399999999999977e+02 -1.224800000000000040e+02 0.000000000000000000e+00 -1.929099999999999966e+02 -8.701000000000000512e+01 9.940999999999999659e+01 -2.603000000000000114e+01 3.348100000000000023e+02
-3.141000000000000014e+01 1.210999999999999943e+01 -1.016400000000000006e+02 -2.939999999999999858e+01 0.000000000000000000e+00 5.884000000000000341e+01 6.388999999999999773e+02 -1.573199999999999932e+02 -1.774900000000000091e+02 -4.113100000000000023e+02
9.520000000000000284e+01 -1.308700000000000045e+02 9.990999999999999659e+01 -1.749000000000000057e+02 0.000000000000000000e+00 -1.464000000000000057e+02 -7.709299999999999500e+02 3.658199999999999932e+02 8.343999999999999773e+01 -4.697999999999999687e+01
-2.500000000000000000e+02 -2.135999999999999943e+01 -8.199999999999999512e-01 1.077099999999999937e+02 0.000000000000000000e+00 -1.495699999999999932e+02 2.789700000000000273e+02 -3.326800000000000068e+02 2.282000000000000028e+01 2.120099999999999909e+02
8.987999999999999545e+01 2.737000000000000099e+01 1.784300000000000068e+02 1.422700000000000102e+02 0.000000000000000000e+00 4.443500000000000227e+02 1.916000000000000014e+01 2.613100000000000023e+02 2.307999999999999829e+01 1.466800000000000068e+02
3.290999999999999659e+01 -9.131999999999999318e+01 3.924000000000000199e+01 -2.004399999999999977e+02 0.000000000000000000e+00 -1.619799999999999898e+02 1.408400000000000034e+02 -4.809000000000000341e+01 7.450000000000000178e+00 -2.063300000000000125e+02
1.179699999999999989e+02 -3.986999999999999744e+01 3.261999999999999744e+01 2.707599999999999909e+02 0.000000000000000000e+00 -2.283600000000000136e+02 -1.728700000000000045e+02 -1.760000000000000142e+01 -5.492999999999999972e+01 5.543999999999999773e+01
-2.480000000000000071e+01 9.510999999999999943e+01 -6.775000000000000000e+01 -5.865999999999999659e+01 0.000000000000000000e+00 -7.034999999999999432e+01 -2.387999999999999901e+01 -3.547999999999999687e+01 1.111299999999999955e+02 1.054800000000000040e+02
5.934000000000000341e+01 2.269600000000000080e+02 1.668300000000000125e+02 1.323000000000000043e+01 0.000000000000000000e+00 3.325000000000000000e+02 2.421000000000000085e+01 1.307100000000000080e+02 4.490000000000000213e+00 -1.513700000000000045e+02
-1.416000000000000014e+01 -1.967100000000000080e+02 -3.539999999999999858e+01 -9.218000000000000682e+01 0.000000000000000000e+00 -1.188499999999999943e+02 3.342000000000000171e+01 3.628000000000000114e+01 -7.395000000000000284e+01 -1.244099999999999966e+02
-9.539000000000000057e+01 1.863400000000000034e+02 -2.283600000000000136e+02 1.257500000000000000e+02 0.000000000000000000e+00 -9.351999999999999602e+01 2.820000000000000000e+02 -1.812000000000000099e+01 -1.714999999999999858e+01 1.898799999999999955e+02
-7.484000000000000341e+01 -5.650999999999999801e+01 2.880299999999999727e+02 -2.144999999999999929e+01 0.000000000000000000e+00 2.090500000000000114e+02 -1.018400000000000034e+02 -2.190300000000000011e+02 5.865999999999999659e+01 -1.117999999999999972e+01
8.995000000000000284e+01 2.319999999999999840e+00 1.900300000000000011e+02 -1.622599999999999909e+02 0.000000000000000000e+00 1.019699999999999989e+02 -3.665400000000000205e+02 2.519600000000000080e+02 7.084000000000000341e+01 -4.417000000000000171e+01
1.561399999999999864e+02 -2.701800000000000068e+02 -8.895999999999999375e+01 -4.404999999999999716e+01 0.000000000000000000e+00 -2.327700000000000102e+02 4.816999999999999886e+02 -3.066299999999999955e+02 -1.380200000000000102e+02 -1.322000000000000064e+01
-1.807899999999999920e+02 3.260000000000000000e+02 -1.257000000000000028e+01 1.269399999999999977e+02 0.000000000000000000e+00 7.376000000000000512e+01 -3.478999999999999915e+01 7.904999999999999716e+01 1.271800000000000068e+02 -1.019300000000000068e+02
6.242999999999999972e+01 -2.057800000000000011e+02 3.257699999999999818e+02 -5.879999999999999893e+00 0.000000000000000000e+00 3.300000000000000155e-01 1.268299999999999983e+02 2.297599999999999909e+02 -1.418899999999999864e+02 3.040699999999999932e+02
-8.953000000000000114e+01 2.647400000000000091e+02 9.210000000000000853e+00 -2.143899999999999864e+02 0.000000000000000000e+00 -2.036899999999999977e+02 -1.058900000000000006e+02 -4.125600000000000023e+02 7.917000000000000171e+01 -3.803600000000000136e+02
-4.575000000000000000e+01 -3.193100000000000023e+02 7.570000000000000284e+01 8.673999999999999488e+01 0.000000000000000000e+00 2.418499999999999943e+02 6.054999999999999716e+01 2.041200000000000045e+02 -1.305200000000000102e+02 2.595500000000000114e+02
3.707000000000000028e+01 1.536200000000000045e+02 5.543999999999999773e+01 5.454999999999999716e+01 0.000000000000000000e+00 7.730000000000000426e+00 6.235999999999999943e+01 2.543100000000000023e+02 2.240099999999999909e+02 -3.674000000000000199e+01
2.067100000000000080e+02 -8.298000000000000398e+01 2.047500000000000000e+02 -3.443999999999999773e+01 0.000000000000000000e+00 2.003899999999999864e+02 -1.743700000000000045e+02 1.431599999999999966e+02 -1.543400000000000034e+02 1.560000000000000053e+00
-1.866500000000000057e+02 -3.582000000000000028e+01 1.696000000000000085e+01 -1.773199999999999932e+02 0.000000000000000000e+00 -7.321999999999999886e+01 4.143799999999999955e+02 -4.035799999999999841e+02 -8.599999999999999867e-01 1.189099999999999966e+02
4.214999999999999858e+01 2.893299999999999841e+02 1.398000000000000043e+01 7.895000000000000284e+01 0.000000000000000000e+00 -2.712599999999999909e+02 -1.669199999999999875e+02 2.856800000000000068e+02 -8.126000000000000512e+01 -2.856100000000000136e+02
1.639999999999999858e+01 -8.023999999999999488e+01 -2.783999999999999986e+01 -3.477000000000000313e+01 0.000000000000000000e+00 4.767500000000000000e+02 -2.046999999999999886e+02 -1.343799999999999955e+02 9.726000000000000512e+01 1.313100000000000023e+02
5.020000000000000284e+01 -1.360800000000000125e+02 3.013999999999999773e+02 5.875000000000000000e+01 0.000000000000000000e+00 -2.990400000000000205e+02 1.078900000000000006e+02 -8.154999999999999716e+01 1.042099999999999937e+02 1.944199999999999875e+02
-8.615999999999999659e+01 7.409000000000000341e+01 9.201999999999999602e+01 -9.084999999999999432e+01 0.000000000000000000e+00 -1.583199999999999932e+02 2.142899999999999920e+02 1.769399999999999977e+02 -7.317000000000000171e+01 -1.539799999999999898e+02
5.136999999999999744e+01 -1.607000000000000028e+01 3.664999999999999858e+01 1.033900000000000006e+02 0.000000000000000000e+00 2.518600000000000136e+02 -2.707000000000000028e+01 2.682999999999999829e+01 -1.667800000000000011e+02 3.349000000000000199e+01
-7.240000000000000568e+01 8.699999999999999289e+00 4.790999999999999659e+01 -3.607699999999999818e+02 0.000000000000000000e+00 -1.602400000000000091e+02 -2.869800000000000182e+02 -3.313299999999999841e+02 4.342000000000000171e+01 -3.352000000000000313e+01
-6.246999999999999886e+01 -2.889000000000000057e+01 4.010999999999999943e+01 1.336800000000000068e+02 0.000000000000000000e+00 -6.907999999999999829e+01 3.230899999999999750e+02 2.506899999999999977e+02 1.197999999999999972e+02 -1.447700000000000102e+02
1.363000000000000114e+02 2.737000000000000099e+01 2.425099999999999909e+02 -1.111800000000000068e+02 0.000000000000000000e+00 4.305099999999999909e+02 2.174799999999999898e+02 2.930999999999999872e+01 -9.910999999999999943e+01 1.199000000000000021e+01
-1.023000000000000043e+01 -8.171999999999999886e+01 -6.071000000000000085e+01 1.815399999999999920e+02 0.000000000000000000e+00 -2.166599999999999966e+02 -3.658100000000000023e+02 -3.831000000000000227e+01 8.590999999999999659e+01 8.234000000000000341e+01
9.150000000000000355e+00 -3.560999999999999943e+01 2.320699999999999932e+02 -3.506000000000000227e+01 0.000000000000000000e+00 -1.290300000000000011e+02 2.017800000000000011e+02 2.482999999999999829e+01 5.060999999999999943e+01 -2.710000000000000142e+01
-1.234699999999999989e+02 1.925099999999999909e+02 5.778999999999999915e+01 2.939999999999999947e+00 0.000000000000000000e+00 3.400000000000000000e+01 -9.985999999999999943e+01 5.193999999999999773e+01 -1.925600000000000023e+02 7.401000000000000512e+01
-3.709000000000000341e+01 9.268000000000000682e+01 1.189200000000000017e+02 -1.324099999999999966e+02 0.000000000000000000e+00 -7.837000000000000455e+01 -3.459999999999999964e+00 -1.062300000000000040e+02 6.293999999999999773e+01 -1.000199999999999960e+02
2.786299999999999955e+02 -1.976800000000000068e+02 7.623999999999999488e+01 3.615999999999999659e+01 0.000000000000000000e+00 1.675600000000000023e+02 -2.155000000000000071e+01 3.809599999999999795e+02 1.209000000000000057e+02 1.108999999999999986e+01
-7.234999999999999432e+01 2.068300000000000125e+02 3.865999999999999659e+01 4.560999999999999943e+01 0.000000000000000000e+00 -5.432000000000000028e+01 -2.330999999999999872e+01 -7.635999999999999943e+01 -1.640500000000000114e+02 2.060999999999999943e+02
-1.939499999999999886e+02 2.169999999999999929e+00 8.446999999999999886e+01 5.179999999999999716e+00 0.000000000000000000e+00 3.714999999999999858e+01 -1.057500000000000000e+02 -4.593299999999999841e+02 -4.734000000000000341e+01 -2.728100000000000023e+02
8.451000000000000512e+01 -1.017600000000000051e+02 2.548899999999999864e+02 -3.797999999999999687e+01 0.000000000000000000e+00 -1.917999999999999972e+01 -8.179000000000000625e+01 1.271200000000000045e+02 6.498000000000000398e+01 3.995000000000000284e+01
5.440000000000000391e+00 5.503000000000000114e+01 2.525000000000000000e+01 -5.060000000000000142e+01 0.000000000000000000e+00 1.238700000000000045e+02 1.128199999999999932e+02 2.840400000000000205e+02 1.501800000000000068e+02 7.800000000000000266e-01
-3.332000000000000028e+01 -6.334000000000000341e+01 2.871000000000000085e+01 1.231800000000000068e+02 0.000000000000000000e+00 -4.285400000000000205e+02 2.204900000000000091e+02 -1.533300000000000125e+02 -1.396699999999999875e+02 1.100000000000000089e+00
-5.364000000000000057e+01 1.647800000000000011e+02 2.235399999999999920e+02 -6.925000000000000000e+01 0.000000000000000000e+00 4.686800000000000068e+02 -1.914900000000000091e+02 -2.845000000000000000e+02 5.303000000000000114e+01 2.919000000000000128e+01
9.798999999999999488e+01 -8.153000000000000114e+01 6.879999999999999716e+01 -6.240000000000000213e+00 0.000000000000000000e+00 -1.037399999999999949e+02 1.282899999999999920e+02 4.143700000000000045e+02 -8.360999999999999943e+01 -1.238199999999999932e+02
-8.762999999999999545e+01 -1.603100000000000023e+02 -2.378000000000000114e+01 -5.450000000000000178e+00 0.000000000000000000e+00 2.746000000000000085e+01 -1.978199999999999932e+02 -1.345399999999999920e+02 2.194999999999999929e+01 3.113299999999999841e+02
1.178999999999999915e+01 1.388799999999999955e+02 1.050699999999999932e+02 9.382999999999999829e+01 0.000000000000000000e+00 -2.664599999999999795e+02 3.412599999999999909e+02 -1.142800000000000011e+02 -3.661999999999999744e+01 -1.590099999999999909e+02
4.489999999999999858e+01 8.354999999999999716e+01 2.036999999999999886e+02 -2.794000000000000128e+01 0.000000000000000000e+00 1.349099999999999966e+02 -2.200000000000000000e+02 -8.334000000000000341e+01 -1.692999999999999972e+01 -8.781999999999999318e+01
-7.121999999999999886e+01 -3.094000000000000128e+01 -7.068999999999999773e+01 1.871000000000000085e+01 0.000000000000000000e+00 1.133700000000000045e+02 -1.288100000000000023e+02 2.574399999999999977e+02 -4.860999999999999943e+01 1.431000000000000050e+01
1.063499999999999943e+02 9.220000000000000639e+00 1.429600000000000080e+02 8.279999999999999361e+00 0.000000000000000000e+00 -2.648600000000000136e+02 7.859000000000000341e+01 -2.130000000000000000e+02 1.723000000000000114e+02 2.730000000000000071e+01
3.839999999999999858e+01 -5.056000000000000227e+01 1.260000000000000000e+02 -2.717000000000000171e+01 0.000000000000000000e+00 1.542599999999999909e+02 4.203999999999999915e+01 -6.120000000000000107e+00 -6.898000000000000398e+01 -1.174099999999999966e+02
-3.643999999999999773e+01 9.123000000000000398e+01 8.223000000000000398e+01 8.415000000000000568e+01 0.000000000000000000e+00 2.786499999999999773e+02 2.133999999999999986e+01 1.670000000000000000e+02 -2.157000000000000028e+01 2.730000000000000000e+02
2.187000000000000099e+01 1.079500000000000028e+02 1.169399999999999977e+02 5.817999999999999972e+01 0.000000000000000000e+00 -3.460600000000000023e+02 1.665900000000000034e+02 6.304999999999999716e+01 -2.489999999999999858e+01 -2.306599999999999966e+02
3.253999999999999915e+01 -1.082500000000000000e+02 2.742000000000000171e+01 -9.406999999999999318e+01 0.000000000000000000e+00 -2.135999999999999943e+01 -3.380699999999999932e+02 -1.318300000000000125e+02 -3.386999999999999744e+01 3.620000000000000107e+00
-1.178799999999999955e+02 -8.621999999999999886e+01 1.117900000000000063e+02 -1.117199999999999989e+02 0.000000000000000000e+00 8.745999999999999375e+01 6.278999999999999915e+01 -2.497899999999999920e+02 5.314000000000000057e+01 -5.009999999999999787e+00
-7.498999999999999488e+01 -2.939999999999999858e+01 -1.003999999999999915e+01 1.744900000000000091e+02 0.000000000000000000e+00 8.507999999999999829e+01 7.804000000000000625e+01 2.968399999999999750e+02 5.746000000000000085e+01 1.920699999999999932e+02
1.250400000000000063e+02 1.878400000000000034e+02 5.002000000000000313e+01 -4.295000000000000284e+01 0.000000000000000000e+00 -3.146999999999999886e+01 -8.035999999999999943e+01 -3.032000000000000028e+01 -4.856000000000000227e+01 -4.111999999999999744e+01
-1.353799999999999955e+02 3.285000000000000142e+01 1.010699999999999932e+02 8.398999999999999488e+01 0.000000000000000000e+00 -2.472800000000000011e+02 4.110000000000000142e+01 -7.204999999999999716e+01 -1.077999999999999936e+01 -1.423499999999999943e+02
-6.300000000000000044e-01 -1.539600000000000080e+02 1.289300000000000068e+02 4.135000000000000142e+01 0.000000000000000000e+00 2.659499999999999886e+02 -2.526000000000000156e+01 1.812800000000000011e+02 -2.666000000000000014e+01 -1.044099999999999966e+02
1.474399999999999977e+02 4.780000000000000249e+00 -5.371999999999999886e+01 7.800000000000000000e+01 0.000000000000000000e+00 -1.703000000000000114e+01 -2.053000000000000114e+01 -2.199300000000000068e+02 1.196299999999999955e+02 2.695000000000000000e+02
3.453000000000000114e+01 5.953000000000000114e+01 -9.662999999999999545e+01 -1.144899999999999949e+02 0.000000000000000000e+00 -2.196000000000000085e+01 7.117000000000000171e+01 2.076100000000000136e+02 -9.048999999999999488e+01 -9.378000000000000114e+01
-1.322800000000000011e+02 1.723600000000000136e+02 1.619799999999999898e+02 -1.185999999999999943e+01 0.000000000000000000e+00 -1.147500000000000000e+02 -1.696500000000000057e+02 -1.180000000000000071e+01 3.171000000000000085e+01 9.993999999999999773e+01
-1.188599999999999994e+02 -1.590200000000000102e+02 1.503199999999999932e+02 -1.870000000000000107e+00 0.000000000000000000e+00 4.728000000000000114e+02 9.412999999999999545e+01 -2.123400000000000034e+02 8.769999999999999574e+00 -1.411399999999999864e+02
1.179000000000000057e+02 -1.434199999999999875e+02 -7.639000000000000057e+01 -9.864000000000000057e+01 0.000000000000000000e+00 -2.655600000000000023e+02 4.370000000000000284e+01 3.992000000000000171e+01 -9.453000000000000114e+01 -6.128000000000000114e+01
1.047399999999999949e+02 2.483499999999999943e+02 1.120100000000000051e+02 1.298400000000000034e+02 0.000000000000000000e+00 -4.488299999999999841e+02 1.775300000000000011e+02 2.409099999999999966e+02 -8.009999999999999787e+00 1.580500000000000114e+02
-2.079300000000000068e+02 -3.736999999999999744e+01 -8.051999999999999602e+01 1.182699999999999960e+02 0.000000000000000000e+00 3.966899999999999977e+02 -3.913799999999999955e+02 -1.240600000000000023e+02 -3.037000000000000099e+01 -8.342000000000000171e+01
2.541000000000000014e+01 -5.349999999999999645e+00 8.906000000000000227e+01 2.566000000000000014e+01 0.000000000000000000e+00 -4.407000000000000028e+01 6.842000000000000171e+01 -2.022599999999999909e+02 -6.462999999999999545e+01 -4.253000000000000114e+02
8.550000000000000000e+01 3.892999999999999972e+01 -4.070000000000000284e+00 -6.753000000000000114e+01 0.000000000000000000e+00 -1.363000000000000114e+02 9.860999999999999943e+01 2.211100000000000136e+02 1.587299999999999898e+02 3.192400000000000091e+02
1.366699999999999875e+02 5.864000000000000057e+01 7.501999999999999602e+01 2.114600000000000080e+02 0.000000000000000000e+00 2.973500000000000227e+02 1.834300000000000068e+02 -2.351999999999999957e+01 -8.885999999999999943e+01 5.074599999999999795e+02
-1.578700000000000045e+02 7.875000000000000000e+01 -8.851999999999999602e+01 -7.065000000000000568e+01 0.000000000000000000e+00 4.203999999999999915e+01 -1.920300000000000011e+02 -1.679000000000000057e+02 2.223000000000000043e+01 -5.130099999999999909e+02
2.310999999999999943e+01 -9.651000000000000512e+01 1.553499999999999943e+02 1.337500000000000000e+02 0.000000000000000000e+00 -2.046699999999999875e+02 -9.010999999999999943e+01 2.673100000000000023e+02 -1.291000000000000014e+01 2.217400000000000091e+02
-1.773000000000000043e+01 -2.624399999999999977e+02 -9.993999999999999773e+01 6.675000000000000000e+01 0.000000000000000000e+00 -3.566999999999999886e+02 -3.210999999999999943e+01 1.129000000000000057e+02 -3.178999999999999915e+01 -4.299000000000000199e+01
-7.267000000000000171e+01 1.183700000000000045e+02 -7.131000000000000227e+01 -1.052099999999999937e+02 0.000000000000000000e+00 2.266899999999999977e+02 1.929499999999999886e+02 -4.973799999999999955e+02 -1.262600000000000051e+02 -1.716599999999999966e+02
-9.050000000000000711e+00 9.148000000000000398e+01 1.012000000000000028e+02 1.532500000000000000e+02 0.000000000000000000e+00 3.236600000000000250e+02 -3.150000000000000000e+01 1.059699999999999989e+02 1.837800000000000011e+02 -3.669300000000000068e+02
1.402199999999999989e+02 2.605000000000000071e+01 5.013000000000000256e+01 4.479999999999999716e+01 0.000000000000000000e+00 -1.842199999999999989e+02 -6.482999999999999829e+01 2.788700000000000045e+02 -1.400200000000000102e+02 4.608799999999999955e+02
-1.349000000000000021e+01 4.607999999999999829e+01 5.257999999999999829e+01 -4.239999999999999858e+01 0.000000000000000000e+00 -2.093300000000000125e+02 -5.725999999999999801e+01 9.181999999999999318e+01 6.138000000000000256e+01 2.517199999999999989e+02
-1.155499999999999972e+02 -2.643199999999999932e+02 -1.421399999999999864e+02 -1.017300000000000040e+02 0.000000000000000000e+00 -3.509999999999999787e+00 1.149899999999999949e+02 -2.342100000000000080e+02 1.096899999999999977e+02 -2.509699999999999989e+02
-6.845000000000000284e+01 2.780400000000000205e+02 -4.093999999999999773e+01 6.962000000000000455e+01 0.000000000000000000e+00 3.005600000000000023e+02 -3.064000000000000057e+01 6.657999999999999829e+01 -4.343999999999999773e+01 3.051999999999999957e+01
1.840399999999999920e+02 -2.902099999999999795e+02 1.136599999999999966e+02 4.086999999999999744e+01 0.000000000000000000e+00 -1.002099999999999937e+02 -1.210699999999999932e+02 -1.738199999999999932e+02 -1.706399999999999864e+02 -2.289000000000000057e+01
-4.413000000000000256e+01 4.103500000000000227e+02 -3.067900000000000205e+02 -8.243000000000000682e+01 0.000000000000000000e+00 -3.479800000000000182e+02 3.263899999999999864e+02 1.891999999999999886e+02 7.770999999999999375e+01 7.404000000000000625e+01
-1.913300000000000125e+02 -2.289399999999999977e+02 1.171700000000000017e+02 8.843999999999999773e+01 0.000000000000000000e+00 3.463100000000000023e+02 -2.312400000000000091e+02 3.209000000000000341e+01 -3.636999999999999744e+01 -2.700099999999999909e+02
9.348999999999999488e+01 1.702599999999999909e+02 1.448799999999999955e+02 -8.630000000000000782e+00 0.000000000000000000e+00 4.703000000000000114e+01 1.782500000000000000e+02 2.326999999999999957e+01 -2.233999999999999986e+01 1.865600000000000023e+02
3.557000000000000028e+01 -2.053999999999999915e+01 -1.210000000000000000e+02 -5.635000000000000142e+01 0.000000000000000000e+00 -2.388600000000000136e+02 -1.343700000000000045e+02 -1.289600000000000080e+02 -1.016999999999999993e+01 -1.166200000000000045e+02
-9.699999999999999289e+00 -7.862000000000000455e+01 -1.624099999999999966e+02 -1.358999999999999986e+01 0.000000000000000000e+00 1.944600000000000080e+02 2.827500000000000000e+02 -2.518000000000000114e+02 4.172999999999999687e+01 4.788000000000000256e+01
1.277199999999999989e+02 -5.086999999999999744e+01 4.739999999999999858e+01 7.898999999999999488e+01 0.000000000000000000e+00 -2.525000000000000000e+01 -3.488199999999999932e+02 5.332500000000000000e+02 7.934999999999999432e+01 1.606899999999999977e+02
-1.378499999999999943e+02 2.772099999999999795e+02 1.182699999999999960e+02 -1.017099999999999937e+02 0.000000000000000000e+00 1.739000000000000057e+01 4.984000000000000341e+01 -1.318799999999999955e+02 -9.129000000000000625e+01 -2.832799999999999727e+02
1.654199999999999875e+02 -1.302500000000000000e+02 -1.948000000000000114e+02 -3.632000000000000028e+01 0.000000000000000000e+00 -3.279800000000000182e+02 3.844399999999999977e+02 -1.077699999999999960e+02 2.419999999999999929e+00 1.082800000000000011e+02
-2.685899999999999750e+02 -2.121999999999999886e+01 -1.032900000000000063e+02 -2.478999999999999915e+01 0.000000000000000000e+00 5.199299999999999500e+02 -4.309200000000000159e+02 1.037600000000000051e+02 1.761800000000000068e+02 -2.530999999999999872e+01
2.213400000000000034e+02 -7.656000000000000227e+01 4.928000000000000114e+01 1.123499999999999943e+02 0.000000000000000000e+00 -1.073199999999999932e+02 3.128700000000000045e+02 -7.580000000000000071e+00 -1.989399999999999977e+02 2.111800000000000068e+02
-1.200999999999999979e+01 1.732199999999999989e+02 1.516000000000000014e+01 -9.937999999999999545e+01 0.000000000000000000e+00 -1.138100000000000023e+02 -2.468300000000000125e+02 -1.409699999999999989e+02 1.558999999999999986e+01 -2.608000000000000114e+02
-8.995000000000000284e+01 5.564000000000000057e+01 -1.811200000000000045e+02 4.100000000000000000e+01 0.000000000000000000e+00 -1.238000000000000078e+01 3.343600000000000136e+02 4.982000000000000028e+01 7.417000000000000171e+01 2.108600000000000136e+02
1.142999999999999972e+01 1.069699999999999989e+02 3.395000000000000284e+01 -1.228900000000000006e+02 0.000000000000000000e+00 7.942000000000000171e+01 -7.290999999999999659e+01 -7.170999999999999375e+01 -2.312000000000000099e+01 6.060000000000000142e+01
1.702500000000000000e+02 -2.512100000000000080e+02 -5.379999999999999893e+00 7.395000000000000284e+01 0.000000000000000000e+00 7.193000000000000682e+01 1.310900000000000034e+02 1.987999999999999901e+01 1.258000000000000007e+01 -3.098999999999999844e+01
-1.415000000000000000e+02 1.132099999999999937e+02 -3.085000000000000142e+01 -3.539999999999999858e+01 0.000000000000000000e+00 -1.023799999999999955e+02 -1.902700000000000102e+02 1.683799999999999955e+02 -1.372299999999999898e+02 -2.198400000000000034e+02
-7.450000000000000178e+00 -1.842500000000000000e+02 -1.470500000000000114e+02 4.096999999999999886e+01 0.000000000000000000e+00 1.094500000000000028e+02 1.047500000000000000e+02 1.142699999999999960e+02 1.513000000000000114e+02 -3.899999999999999911e+00
-8.553000000000000114e+01 3.282699999999999818e+02 -1.428999999999999915e+01 -8.867000000000000171e+01 0.000000000000000000e+00 -6.406999999999999318e+01 6.881000000000000227e+01 -4.892900000000000205e+02 -1.642999999999999972e+01 -7.719999999999999751e+00
1.751999999999999957e+01 -1.649399999999999977e+02 -4.468999999999999773e+01 2.765799999999999841e+02 0.000000000000000000e+00 -9.714000000000000057e+01 -1.750999999999999943e+02 2.958999999999999773e+02 -1.303499999999999943e+02 1.665300000000000011e+02
2.354600000000000080e+02 -3.253000000000000114e+01 -4.917000000000000171e+01 -1.554699999999999989e+02 0.000000000000000000e+00 3.034200000000000159e+02 1.987100000000000080e+02 -5.592999999999999972e+01 1.639600000000000080e+02 -1.560900000000000034e+02
-1.084099999999999966e+02 -7.712999999999999545e+01 5.099999999999999645e+00 -9.917000000000000171e+01 0.000000000000000000e+00 -1.580099999999999909e+02 -4.469999999999999751e+00 -1.837100000000000080e+02 -7.221999999999999886e+01 5.410000000000000142e+00
-1.276800000000000068e+02 1.270900000000000034e+02 -8.376999999999999602e+01 -1.671000000000000085e+01 0.000000000000000000e+00 5.230000000000000426e+00 -1.085999999999999943e+02 3.046899999999999977e+02 -1.106000000000000050e+01 -1.338799999999999955e+02
-1.309199999999999875e+02 -1.365000000000000036e+01 -1.125799999999999983e+02 -7.299999999999999822e+00 0.000000000000000000e+00 -1.830300000000000011e+02 -9.787999999999999545e+01 7.212000000000000455e+01 5.147999999999999687e+01 4.832000000000000028e+01
2.068700000000000045e+02 -1.446100000000000136e+02 5.714000000000000057e+01 -3.596000000000000085e+01 0.000000000000000000e+00 2.425200000000000102e+02 1.533000000000000114e+02 -2.231999999999999886e+02 -1.406100000000000136e+02 1.322800000000000011e+02
-2.103999999999999915e+01 5.400000000000000355e-01 3.603000000000000114e+01 2.105699999999999932e+02 0.000000000000000000e+00 1.492400000000000091e+02 1.967100000000000080e+02 7.354000000000000625e+01 1.084399999999999977e+02 1.059099999999999966e+02
-3.060999999999999943e+01 8.937999999999999545e+01 -1.274099999999999966e+02 -1.379399999999999977e+02 0.000000000000000000e+00 -5.641100000000000136e+02 -2.931800000000000068e+02 -2.264799999999999898e+02 6.431999999999999318e+01 -3.074800000000000182e+02
-9.431999999999999318e+01 1.311299999999999955e+02 -3.171499999999999773e+02 4.590999999999999659e+01 0.000000000000000000e+00 3.612500000000000000e+02 -1.028900000000000006e+02 2.414499999999999886e+02 -1.175900000000000034e+02 6.567000000000000171e+01
1.207800000000000011e+02 2.217800000000000011e+02 1.697700000000000102e+02 -3.914999999999999858e+01 0.000000000000000000e+00 2.320999999999999943e+02 4.274200000000000159e+02 -9.890999999999999659e+01 5.153000000000000114e+01 1.650800000000000125e+02
-1.397299999999999898e+02 -1.319799999999999898e+02 6.030000000000000249e+00 1.663700000000000045e+02 0.000000000000000000e+00 -4.654800000000000182e+02 -3.173700000000000045e+02 2.224399999999999977e+02 6.500000000000000000e+01 -8.440000000000000568e+01
7.703000000000000114e+01 1.457899999999999920e+02 -1.224899999999999949e+02 -2.378799999999999955e+02 0.000000000000000000e+00 2.901700000000000159e+02 2.679499999999999886e+02 -1.979199999999999875e+02 7.900000000000000355e+00 1.687999999999999901e+01
-5.936999999999999744e+01 -2.200600000000000023e+02 -1.500200000000000102e+02 1.222999999999999972e+02 0.000000000000000000e+00 -6.684000000000000341e+01 -1.722599999999999909e+02 -1.270000000000000018e+00 -7.626000000000000512e+01 -4.082000000000000028e+01
-3.527000000000000313e+01 -6.701999999999999602e+01 -2.276500000000000057e+02 6.596999999999999886e+01 0.000000000000000000e+00 -1.706399999999999864e+02 -1.629999999999999893e+00 -5.620000000000000284e+01 -7.014000000000000057e+01 -1.124699999999999989e+02
1.368600000000000136e+02 1.658899999999999864e+02 1.457899999999999920e+02 5.100999999999999801e+01 0.000000000000000000e+00 5.507999999999999829e+01 -1.409799999999999898e+02 2.502100000000000080e+02 1.914799999999999898e+02 1.340800000000000125e+02
-5.445000000000000284e+01 -4.502000000000000313e+01 -8.951999999999999602e+01 4.739000000000000057e+01 0.000000000000000000e+00 4.666299999999999955e+02 2.309600000000000080e+02 -7.198000000000000398e+01 -2.129999999999999893e+00 -3.749300000000000068e+02
1.391000000000000014e+01 1.368600000000000136e+02 -1.250900000000000034e+02 1.821000000000000085e+01 0.000000000000000000e+00 -9.379999999999999716e+01 -4.242000000000000171e+01 -9.849999999999999645e+00 -1.869399999999999977e+02 5.030500000000000114e+02
-5.368999999999999773e+01 -1.707000000000000028e+01 -1.889199999999999875e+02 -3.057300000000000182e+02 0.000000000000000000e+00 -3.704599999999999795e+02 8.059000000000000341e+01 -1.587500000000000000e+02 -9.134999999999999432e+01 -7.329000000000000625e+01
-8.135999999999999943e+01 -3.122400000000000091e+02 -1.153599999999999994e+02 1.378700000000000045e+02 0.000000000000000000e+00 3.408500000000000227e+02 -1.830399999999999920e+02 6.027000000000000313e+01 2.163100000000000023e+02 -2.044000000000000057e+02
1.595600000000000023e+02 4.135000000000000142e+01 6.028999999999999915e+01 8.893000000000000682e+01 0.000000000000000000e+00 -7.179999999999999716e+01 -2.079499999999999886e+02 1.492400000000000091e+02 6.292999999999999972e+01 3.074800000000000182e+02
-1.574199999999999875e+02 2.324699999999999989e+02 -1.201599999999999966e+02 4.810999999999999943e+01 0.000000000000000000e+00 -5.429999999999999716e+00 3.128500000000000227e+02 -2.226999999999999886e+02 4.919999999999999929e+00 -2.820000000000000000e+02
5.296000000000000085e+01 -1.327299999999999898e+02 -9.515999999999999659e+01 -1.941000000000000014e+01 0.000000000000000000e+00 -7.348999999999999488e+01 -2.255099999999999909e+02 3.029700000000000273e+02 -1.822899999999999920e+02 -6.056000000000000227e+01
5.704999999999999716e+01 -9.523000000000000398e+01 -2.062999999999999901e+01 6.257999999999999829e+01 0.000000000000000000e+00 1.959399999999999977e+02 4.608299999999999841e+02 -9.540999999999999659e+01 -2.337999999999999901e+01 1.445200000000000102e+02
-5.600000000000000000e+01 1.960900000000000034e+02 -1.880000000000000000e+02 -8.368000000000000682e+01 0.000000000000000000e+00 -1.258400000000000034e+02 -3.517300000000000182e+02 -1.801200000000000045e+02 -1.431800000000000068e+02 1.330099999999999909e+02
6.181000000000000227e+01 -8.540999999999999659e+01 3.055000000000000071e+01 -7.998999999999999488e+01 0.000000000000000000e+00 1.044599999999999937e+02 -1.296500000000000057e+02 -6.331000000000000227e+01 2.070900000000000034e+02 -6.712000000000000455e+01
-3.896999999999999886e+01 1.609499999999999886e+02 -9.632999999999999829e+01 -3.040000000000000036e+00 0.000000000000000000e+00 1.686299999999999955e+02 6.751599999999999682e+02 2.068199999999999932e+02 9.050000000000000711e+00 1.551999999999999957e+01
1.336999999999999922e+01 -5.971999999999999886e+01 6.770999999999999375e+01 5.024000000000000199e+01 0.000000000000000000e+00 -1.961299999999999955e+02 -5.635499999999999545e+02 2.301599999999999966e+02 -1.176299999999999955e+02 -2.170800000000000125e+02
9.348999999999999488e+01 -2.115099999999999909e+02 -7.371999999999999886e+01 -8.221999999999999886e+01 0.000000000000000000e+00 -1.873600000000000136e+02 3.375299999999999727e+02 -2.147599999999999909e+02 -9.859999999999999432e+01 4.429999999999999716e+01
-1.645699999999999932e+02 1.994000000000000057e+02 -1.365699999999999932e+02 1.678600000000000136e+02 0.000000000000000000e+00 2.767599999999999909e+02 1.860000000000000098e+00 2.330000000000000071e+00 2.677500000000000000e+02 8.098999999999999488e+01
-4.625000000000000000e+01 1.590600000000000023e+02 -1.028999999999999915e+01 -2.967999999999999972e+01 0.000000000000000000e+00 -2.875000000000000000e+01 -7.399999999999999911e-01 -1.541000000000000014e+01 -1.111800000000000068e+02 9.156999999999999318e+01
1.615800000000000125e+02 -3.502400000000000091e+02 -1.767999999999999972e+01 4.660000000000000142e+01 0.000000000000000000e+00 -8.269999999999999574e+00 2.165399999999999920e+02 -6.426000000000000512e+01 -1.353499999999999943e+02 -9.975000000000000000e+01
1.392400000000000091e+02 3.037099999999999795e+02 -2.018400000000000034e+02 -1.334600000000000080e+02 0.000000000000000000e+00 1.120100000000000051e+02 -2.586600000000000250e+02 -5.543999999999999773e+01 1.740900000000000034e+02 2.330200000000000102e+02
-1.626399999999999864e+02 -5.163000000000000256e+01 1.680000000000000000e+02 3.162999999999999901e+01 0.000000000000000000e+00 -9.773999999999999488e+01 5.940999999999999659e+01 3.176299999999999955e+02 2.844000000000000128e+01 -4.084399999999999977e+02
2.291000000000000014e+01 2.601999999999999957e+01 -2.081299999999999955e+02 -1.421699999999999875e+02 0.000000000000000000e+00 -4.192999999999999972e+01 3.103999999999999915e+01 5.817999999999999972e+01 -1.303400000000000034e+02 1.212500000000000000e+02
-1.637899999999999920e+02 -7.000000000000000000e+00 9.915999999999999659e+01 2.876000000000000156e+01 0.000000000000000000e+00 -3.839000000000000057e+01 9.512999999999999545e+01 -3.202599999999999909e+02 5.907000000000000028e+01 2.650500000000000114e+02
1.436599999999999966e+02 1.139000000000000057e+02 -2.844700000000000273e+02 -2.517999999999999972e+01 0.000000000000000000e+00 2.005500000000000114e+02 -1.403100000000000023e+02 1.908300000000000125e+02 -4.640999999999999659e+01 -1.548700000000000045e+02
6.429999999999999716e+00 -2.639599999999999795e+02 2.449300000000000068e+02 9.709999999999999432e+01 0.000000000000000000e+00 -1.405200000000000102e+02 4.491600000000000250e+02 -6.595000000000000284e+01 1.236999999999999922e+01 -9.560999999999999943e+01
-8.090000000000000568e+01 2.289600000000000080e+02 -1.804799999999999898e+02 -1.390800000000000125e+02 0.000000000000000000e+00 8.546999999999999886e+01 -4.385099999999999909e+02 -1.458600000000000136e+02 -1.033900000000000006e+02 -1.042199999999999989e+02
9.665000000000000568e+01 -6.730000000000000426e+00 -1.044699999999999989e+02 -2.180999999999999872e+01 0.000000000000000000e+00 1.944399999999999977e+02 4.627000000000000313e+01 -3.364000000000000057e+01 1.625500000000000114e+02 6.274000000000000199e+01
-1.014800000000000040e+02 -6.171999999999999886e+01 1.326599999999999966e+02 8.885999999999999943e+01 0.000000000000000000e+00 -4.114700000000000273e+02 5.171499999999999773e+02 1.246800000000000068e+02 7.230000000000000426e+00 -3.048999999999999844e+01
-1.243100000000000023e+02 -1.157000000000000028e+01 3.270000000000000018e+00 -8.270000000000000284e+01 0.000000000000000000e+00 2.539000000000000057e+01 -5.008600000000000136e+02 1.623600000000000136e+02 4.000000000000000000e+00 2.948000000000000114e+02
1.812299999999999898e+02 -5.700000000000000000e+01 -5.125000000000000000e+01 2.201100000000000136e+02 0.000000000000000000e+00 3.503700000000000045e+02 2.678999999999999773e+02 -1.216200000000000045e+02 -7.120000000000000107e+00 -2.437999999999999901e+01
1.746999999999999886e+01 -2.685000000000000142e+01 -5.768999999999999773e+01 -1.692700000000000102e+02 0.000000000000000000e+00 -1.770600000000000023e+02 2.756700000000000159e+02 -2.517999999999999972e+01 -3.253000000000000114e+01 -1.195499999999999972e+02
-1.076099999999999994e+02 2.654599999999999795e+02 -8.660000000000000142e+00 4.299999999999999822e+00 0.000000000000000000e+00 -3.742799999999999727e+02 -4.679800000000000182e+02 -5.396000000000000085e+01 -1.593000000000000114e+02 -2.767699999999999818e+02
9.910000000000000142e+00 -1.799499999999999886e+02 -3.629999999999999893e+00 -2.492000000000000171e+01 0.000000000000000000e+00 3.787699999999999818e+02 9.037000000000000455e+01 2.364000000000000057e+01 1.712100000000000080e+02 2.087000000000000099e+01
7.242000000000000171e+01 1.211500000000000057e+02 -1.168499999999999943e+02 2.250000000000000000e+01 0.000000000000000000e+00 1.368199999999999932e+02 4.604100000000000250e+02 9.259000000000000341e+01 -2.621999999999999886e+01 -9.995000000000000284e+01
-1.057500000000000000e+02 7.168999999999999773e+01 7.815999999999999659e+01 1.590000000000000036e+01 0.000000000000000000e+00 -1.740999999999999943e+02 -5.130199999999999818e+02 1.080100000000000051e+02 6.161999999999999744e+01 3.184900000000000091e+02
1.134599999999999937e+02 -3.108999999999999986e+01 7.293000000000000682e+01 1.028299999999999983e+02 0.000000000000000000e+00 -1.833899999999999864e+02 6.504900000000000091e+02 -1.793899999999999864e+02 -1.325300000000000011e+02 -4.631000000000000227e+01
