4.492999999999999972e+01 0.000000000000000000e+00 -1.303999999999999915e+01 -2.678899999999999864e+02 -5.809000000000000341e+01 5.269199999999999591e+02 -3.584300000000000068e+02 -3.323199999999999932e+02 1.830000000000000071e+00 2.240099999999999909e+02
-2.114999999999999858e+01 0.000000000000000000e+00 -1.082600000000000051e+02 -1.307500000000000000e+02 -7.793999999999999773e+01 -6.372999999999999687e+01 1.563899999999999864e+02 4.972099999999999795e+02 4.568999999999999773e+01 -4.753999999999999915e+01
-8.935999999999999943e+01 0.000000000000000000e+00 -9.170999999999999375e+01 -1.100799999999999983e+02 -7.096999999999999886e+01 -5.267500000000000000e+02 1.546800000000000068e+02 -5.884000000000000341e+01 7.048000000000000398e+01 -4.872999999999999687e+01
1.185199999999999960e+02 0.000000000000000000e+00 -2.003499999999999943e+02 -2.377299999999999898e+02 -5.210999999999999943e+01 3.425099999999999909e+02 3.414999999999999858e+01 2.415800000000000125e+02 -3.927000000000000313e+01 -4.042999999999999972e+01
-3.686999999999999744e+01 0.000000000000000000e+00 -1.771999999999999886e+01 -2.843700000000000045e+02 -2.880000000000000071e+01 -2.370699999999999932e+02 -1.364300000000000068e+02 -8.878000000000000114e+01 1.069999999999999929e+01 2.683700000000000045e+02
-8.323000000000000398e+01 0.000000000000000000e+00 -6.509000000000000341e+01 -7.490000000000000568e+01 -4.847999999999999687e+01 -2.401100000000000136e+02 -2.616000000000000014e+01 -3.702699999999999818e+02 1.073000000000000043e+01 -2.552599999999999909e+02
-4.577000000000000313e+01 0.000000000000000000e+00 -2.036100000000000136e+02 -1.487700000000000102e+02 -8.800000000000000000e+01 2.773000000000000114e+02 1.795200000000000102e+02 1.826599999999999966e+02 -2.076000000000000156e+01 -8.520000000000000284e+01
1.172000000000000028e+02 0.000000000000000000e+00 -1.369000000000000057e+02 -8.768999999999999773e+01 -5.807999999999999829e+01 8.865000000000000568e+01 -5.490199999999999818e+02 -1.668199999999999932e+02 -2.821000000000000085e+01 4.042999999999999972e+01
1.270699999999999932e+02 0.000000000000000000e+00 6.665000000000000568e+01 5.077000000000000313e+01 -6.851999999999999602e+01 3.879800000000000182e+02 1.960600000000000023e+02 2.723299999999999841e+02 3.892999999999999972e+01 -1.669099999999999966e+02
-2.196500000000000057e+02 0.000000000000000000e+00 -1.394000000000000057e+02 -2.498199999999999932e+02 -5.715999999999999659e+01 -3.380299999999999727e+02 2.469799999999999898e+02 2.620000000000000107e+00 -1.003999999999999915e+01 -1.223000000000000043e+01
-7.906999999999999318e+01 0.000000000000000000e+00 -1.181899999999999977e+02 -1.256400000000000006e+02 -2.255000000000000071e+01 -3.313100000000000023e+02 -4.143999999999999773e+01 -1.612199999999999989e+02 -1.082099999999999937e+02 2.707099999999999795e+02
1.333899999999999864e+02 0.000000000000000000e+00 -1.922100000000000080e+02 1.143400000000000034e+02 -3.988000000000000256e+01 2.858999999999999986e+01 -2.785600000000000023e+02 2.110000000000000000e+02 -4.530000000000000249e+00 8.843999999999999773e+01
-6.923000000000000398e+01 0.000000000000000000e+00 7.756000000000000227e+01 5.009999999999999787e+00 -7.734000000000000341e+01 2.671999999999999886e+02 9.389000000000000057e+01 -1.141999999999999993e+01 1.110900000000000034e+02 -2.703399999999999750e+02
-1.720699999999999932e+02 0.000000000000000000e+00 2.333999999999999986e+01 5.007999999999999829e+01 -6.071999999999999886e+01 -2.022400000000000091e+02 1.668700000000000045e+02 -1.322800000000000011e+02 -8.293999999999999773e+01 -2.730999999999999872e+01
2.058199999999999932e+02 0.000000000000000000e+00 -8.399999999999999689e-01 1.459600000000000080e+02 -2.382999999999999829e+01 2.326599999999999966e+02 -1.566999999999999886e+02 -2.654200000000000159e+02 -1.909999999999999920e+00 7.976999999999999602e+01
1.811200000000000045e+02 0.000000000000000000e+00 -7.610999999999999943e+01 1.729799999999999898e+02 -4.143999999999999773e+01 6.052000000000000313e+01 1.720900000000000034e+02 1.536599999999999966e+02 -1.614000000000000057e+01 -1.579300000000000068e+02
-1.349000000000000021e+01 0.000000000000000000e+00 1.388000000000000078e+01 3.142999999999999972e+01 -5.567999999999999972e+01 -1.544399999999999977e+02 6.776000000000000512e+01 7.073000000000000398e+01 6.756999999999999318e+01 1.358400000000000034e+02
-1.878100000000000023e+02 0.000000000000000000e+00 1.525000000000000000e+02 3.108399999999999750e+02 -5.217999999999999972e+01 -2.118700000000000045e+02 -1.906599999999999966e+02 -6.546999999999999886e+01 1.485999999999999943e+01 3.143799999999999955e+02
-2.826000000000000156e+01 0.000000000000000000e+00 -9.490999999999999659e+01 2.847699999999999818e+02 -2.505999999999999872e+01 1.327800000000000011e+02 -1.756699999999999875e+02 6.377000000000000313e+01 -2.905999999999999872e+01 -2.122599999999999909e+02
1.062199999999999989e+02 0.000000000000000000e+00 -2.350399999999999920e+02 4.517000000000000171e+01 -7.054999999999999716e+01 3.739300000000000068e+02 2.373199999999999932e+02 1.905000000000000071e+01 6.480000000000000426e+00 -2.439600000000000080e+02
-4.379999999999999893e+00 0.000000000000000000e+00 1.838799999999999955e+02 2.228400000000000034e+02 -7.915000000000000568e+01 -2.313300000000000125e+02 6.065999999999999659e+01 -1.168299999999999983e+02 4.360000000000000320e+00 -1.565000000000000036e+01
6.593000000000000682e+01 0.000000000000000000e+00 1.123599999999999994e+02 4.403000000000000114e+02 -2.241000000000000014e+01 -2.739999999999999858e+01 -1.750000000000000000e+02 4.053500000000000227e+02 4.160000000000000142e+00 8.864000000000000057e+01
-3.414000000000000057e+01 0.000000000000000000e+00 -8.519999999999999574e+00 1.307899999999999920e+02 -2.730000000000000071e+01 8.026000000000000512e+01 -8.543000000000000682e+01 -3.108000000000000114e+02 -2.758999999999999986e+01 8.906999999999999318e+01
-1.440500000000000114e+02 0.000000000000000000e+00 -2.019099999999999966e+02 9.868000000000000682e+01 -1.028599999999999994e+02 -1.216400000000000006e+02 -2.230900000000000034e+02 -3.994800000000000182e+02 -6.325999999999999801e+01 -1.424900000000000091e+02
-6.725000000000000000e+01 0.000000000000000000e+00 5.254999999999999716e+01 3.177300000000000182e+02 -5.625000000000000000e+01 -1.236899999999999977e+02 3.318399999999999750e+02 2.080399999999999920e+02 -3.668999999999999773e+01 -2.767500000000000000e+02
2.678199999999999932e+02 0.000000000000000000e+00 1.345900000000000034e+02 2.952500000000000000e+02 -4.830000000000000071e+00 3.549399999999999977e+02 -8.560999999999999943e+01 3.508000000000000114e+02 2.960999999999999943e+01 3.950899999999999750e+02
-1.434900000000000091e+02 0.000000000000000000e+00 -7.335999999999999943e+01 5.959000000000000341e+01 -4.989000000000000057e+01 -2.558400000000000034e+02 -2.974399999999999977e+02 -1.538400000000000034e+02 -2.779999999999999805e+00 7.340000000000000568e+01
-1.983000000000000114e+02 0.000000000000000000e+00 3.450000000000000178e+00 1.263900000000000006e+02 -7.629000000000000625e+01 1.807199999999999989e+02 3.965500000000000114e+02 -3.117599999999999909e+02 1.658999999999999986e+01 -1.888400000000000034e+02
1.777500000000000000e+02 0.000000000000000000e+00 8.479999999999999716e+01 3.866899999999999977e+02 -6.204999999999999716e+01 -1.860999999999999943e+01 -2.294000000000000128e+01 1.939999999999999858e+01 3.509000000000000341e+01 -1.208100000000000023e+02
3.353000000000000114e+01 0.000000000000000000e+00 7.690000000000000568e+01 1.958600000000000136e+02 -2.948999999999999844e+01 -9.925000000000000000e+01 -1.414600000000000080e+02 3.446000000000000227e+02 -4.102000000000000313e+01 1.231099999999999994e+02
-2.012000000000000099e+01 0.000000000000000000e+00 -5.021999999999999886e+01 -6.470999999999999375e+01 -5.003999999999999915e+01 -8.179000000000000625e+01 -4.196000000000000085e+01 -3.668700000000000045e+02 3.470000000000000284e+01 1.726899999999999977e+02
-7.519999999999999574e+00 0.000000000000000000e+00 -1.839000000000000057e+01 2.918100000000000023e+02 -5.670000000000000284e+01 1.432199999999999989e+02 -6.567000000000000171e+01 -1.865200000000000102e+02 4.317000000000000171e+01 -1.729300000000000068e+02
6.057000000000000028e+01 0.000000000000000000e+00 1.062900000000000063e+02 2.660699999999999932e+02 -4.714000000000000057e+01 1.671100000000000136e+02 1.473000000000000043e+01 4.047400000000000091e+02 -7.995999999999999375e+01 8.740000000000000213e+00
-1.847700000000000102e+02 0.000000000000000000e+00 4.757999999999999829e+01 -1.812400000000000091e+02 -6.604999999999999716e+01 -2.723799999999999955e+02 5.610999999999999943e+01 9.209999999999999432e+01 1.276599999999999966e+02 8.329999999999999716e+01
1.572000000000000064e+01 0.000000000000000000e+00 -1.189899999999999949e+02 4.100999999999999801e+01 -4.389999999999999858e+01 3.289100000000000250e+02 -1.068700000000000045e+02 -2.262000000000000099e+01 -4.400000000000000355e+00 -6.790999999999999659e+01
2.289900000000000091e+02 0.000000000000000000e+00 1.499199999999999875e+02 3.947900000000000205e+02 -4.760999999999999943e+01 1.032600000000000051e+02 5.795000000000000284e+01 9.599999999999999645e-01 1.914000000000000057e+01 -8.890000000000000568e+01
7.780000000000000249e+00 0.000000000000000000e+00 -7.481000000000000227e+01 3.934000000000000341e+01 -4.972999999999999687e+01 -8.923999999999999488e+01 -4.596000000000000085e+01 -1.800399999999999920e+02 -8.890999999999999659e+01 -8.299999999999999600e-01
-3.254499999999999886e+02 0.000000000000000000e+00 -3.402000000000000313e+01 -1.534099999999999966e+02 -5.346000000000000085e+01 -5.891599999999999682e+02 4.436999999999999744e+01 -4.246999999999999886e+01 -5.278999999999999915e+01 4.275999999999999801e+01
1.129099999999999966e+02 0.000000000000000000e+00 8.734000000000000341e+01 5.468999999999999773e+01 -3.299000000000000199e+01 3.442799999999999727e+02 -1.383100000000000023e+02 1.181200000000000045e+02 6.071000000000000085e+01 1.364000000000000057e+01
2.903199999999999932e+02 0.000000000000000000e+00 2.512000000000000099e+01 2.054300000000000068e+02 -4.322999999999999687e+01 2.678299999999999841e+02 -6.032999999999999829e+01 1.186700000000000017e+02 1.271599999999999966e+02 -2.509699999999999989e+02
-1.389499999999999886e+02 0.000000000000000000e+00 -1.023000000000000043e+01 7.679999999999999716e+01 -5.795000000000000284e+01 -1.483400000000000034e+02 -1.657999999999999829e+01 3.442000000000000171e+01 -7.173000000000000398e+01 1.060499999999999972e+02
-1.363100000000000023e+02 0.000000000000000000e+00 -2.791000000000000014e+01 -1.330000000000000071e+00 -6.681000000000000227e+01 8.207999999999999829e+01 5.128999999999999915e+01 -7.209999999999999432e+01 -3.132999999999999829e+01 3.757099999999999795e+02
3.859999999999999876e+00 0.000000000000000000e+00 -7.595999999999999375e+01 1.191899999999999977e+02 -4.178999999999999915e+01 -6.645000000000000284e+01 1.937599999999999909e+02 -1.110100000000000051e+02 -6.662000000000000455e+01 -3.246499999999999773e+02
1.363799999999999955e+02 0.000000000000000000e+00 -7.095000000000000284e+01 1.568199999999999932e+02 -1.510999999999999943e+01 -3.915099999999999909e+02 -1.459000000000000057e+02 3.553000000000000114e+01 5.364999999999999858e+01 -2.056500000000000057e+02
-9.460999999999999943e+01 0.000000000000000000e+00 1.049699999999999989e+02 9.428000000000000114e+01 -5.497999999999999687e+01 2.103400000000000034e+02 -1.922299999999999898e+02 4.100999999999999801e+01 2.169399999999999977e+02 4.496899999999999977e+02
8.181999999999999318e+01 0.000000000000000000e+00 1.360200000000000102e+02 -1.803000000000000114e+01 -5.431000000000000227e+01 5.465299999999999727e+02 -2.673199999999999932e+02 -2.247299999999999898e+02 -6.540000000000000568e+01 -7.698999999999999488e+01
6.737999999999999545e+01 0.000000000000000000e+00 -7.179000000000000625e+01 2.271000000000000085e+01 -4.257000000000000028e+01 -3.427300000000000182e+02 -3.461999999999999744e+01 2.486699999999999875e+02 -5.096999999999999886e+01 -3.886999999999999886e+02
-1.830399999999999920e+02 0.000000000000000000e+00 -4.081000000000000227e+01 7.785999999999999943e+01 -5.603999999999999915e+01 -3.874399999999999977e+02 4.912900000000000205e+02 5.668899999999999864e+02 1.100999999999999979e+01 -4.663000000000000256e+01
-6.142999999999999972e+01 0.000000000000000000e+00 7.500000000000000000e-01 1.212800000000000011e+02 -3.051999999999999957e+01 3.217599999999999909e+02 2.429799999999999898e+02 -7.002400000000000091e+02 -8.550000000000000711e+00 4.766600000000000250e+02
1.376100000000000136e+02 0.000000000000000000e+00 1.690800000000000125e+02 -3.331000000000000227e+01 -4.592000000000000171e+01 1.545099999999999909e+02 -6.229400000000000546e+02 -3.957000000000000028e+01 -1.699999999999999956e+00 9.292000000000000171e+01
1.819699999999999989e+02 0.000000000000000000e+00 4.493999999999999773e+01 -4.339000000000000057e+01 -4.579999999999999716e+01 -6.447400000000000091e+02 -1.326699999999999875e+02 2.132199999999999989e+02 4.320000000000000284e+00 -2.845000000000000000e+02
-7.781999999999999318e+01 0.000000000000000000e+00 2.410999999999999943e+01 6.161999999999999744e+01 -5.047999999999999687e+01 4.496000000000000227e+02 2.082299999999999898e+02 -1.289499999999999886e+02 4.893999999999999773e+01 -9.384999999999999432e+01
-2.449199999999999875e+02 0.000000000000000000e+00 1.107300000000000040e+02 1.805999999999999872e+01 -4.732000000000000028e+01 4.875400000000000205e+02 1.719099999999999966e+02 -1.477500000000000000e+02 -7.040000000000000568e+01 1.678899999999999864e+02
-3.454999999999999716e+01 0.000000000000000000e+00 -3.005999999999999872e+01 -1.153900000000000006e+02 -2.114000000000000057e+01 -4.972699999999999818e+02 4.646000000000000085e+01 3.010199999999999818e+02 2.796999999999999886e+01 -6.257000000000000028e+01
1.295800000000000125e+02 0.000000000000000000e+00 3.307999999999999829e+01 -1.151899999999999977e+02 -6.678000000000000114e+01 -6.031100000000000136e+02 -8.390999999999999659e+01 2.953000000000000114e+01 -9.237000000000000455e+01 7.190000000000000391e+00
1.322100000000000080e+02 0.000000000000000000e+00 1.454699999999999989e+02 -6.193999999999999773e+01 -5.061999999999999744e+01 2.879599999999999795e+02 -1.776999999999999886e+02 4.860000000000000142e+01 5.224000000000000199e+01 -1.525500000000000114e+02
-1.797100000000000080e+02 0.000000000000000000e+00 6.397999999999999687e+01 -9.351999999999999602e+01 -3.514000000000000057e+01 3.177900000000000205e+02 1.416599999999999966e+02 -1.956999999999999886e+02 -6.040000000000000036e+00 -3.229999999999999982e+00
-1.090199999999999960e+02 0.000000000000000000e+00 1.140999999999999943e+02 8.400000000000000355e+00 -1.597000000000000064e+01 -1.737599999999999909e+02 -6.718999999999999773e+01 -7.279999999999999716e+01 3.622999999999999687e+01 3.029599999999999795e+02
1.710500000000000114e+02 0.000000000000000000e+00 1.104599999999999937e+02 -9.901000000000000512e+01 -6.365999999999999659e+01 3.903799999999999955e+02 5.682000000000000028e+01 -1.516000000000000014e+01 -2.903999999999999915e+01 1.100400000000000063e+02
3.714000000000000057e+01 0.000000000000000000e+00 -7.071999999999999886e+01 -1.452899999999999920e+02 -3.917000000000000171e+01 -7.439000000000000057e+01 -4.860000000000000320e+00 3.646200000000000045e+02 3.350000000000000000e+01 -4.193199999999999932e+02
-1.452800000000000011e+02 0.000000000000000000e+00 7.990999999999999659e+01 -1.993600000000000136e+02 -5.639000000000000057e+01 -6.674199999999999591e+02 1.348700000000000045e+02 -1.515500000000000114e+02 -8.080000000000000071e+00 -4.000000000000000000e+00
-3.418999999999999773e+01 0.000000000000000000e+00 1.685999999999999943e+01 -2.546599999999999966e+02 -2.346000000000000085e+01 -8.220999999999999375e+01 -3.703999999999999773e+02 -3.116000000000000227e+02 -1.466999999999999993e+01 2.004300000000000068e+02
1.239300000000000068e+02 0.000000000000000000e+00 -1.367999999999999972e+01 -2.050900000000000034e+02 -5.997999999999999687e+01 8.020000000000000000e+02 7.648999999999999488e+01 2.372899999999999920e+02 -2.276999999999999957e+01 9.942000000000000171e+01
-4.378000000000000114e+01 0.000000000000000000e+00 9.001999999999999602e+01 -2.037599999999999909e+02 -2.007999999999999829e+01 -2.309799999999999898e+02 4.436800000000000068e+02 1.726100000000000136e+02 -1.019699999999999989e+02 -9.876999999999999602e+01
-1.126599999999999966e+02 0.000000000000000000e+00 2.055999999999999872e+01 -7.839000000000000057e+01 -4.021999999999999886e+01 -4.609700000000000273e+02 -2.920699999999999932e+02 -4.488799999999999955e+02 7.615999999999999659e+01 -1.686500000000000057e+02
9.979000000000000625e+01 0.000000000000000000e+00 1.372199999999999989e+02 -1.384600000000000080e+02 -7.737999999999999545e+01 5.120199999999999818e+02 -1.349099999999999966e+02 -6.342999999999999972e+01 1.285500000000000114e+02 1.032300000000000040e+02
1.794799999999999898e+02 0.000000000000000000e+00 -8.365000000000000568e+01 -2.607300000000000182e+02 -2.921000000000000085e+01 -1.024800000000000040e+02 2.938199999999999932e+02 4.000000000000000000e+02 -5.785000000000000142e+01 6.357999999999999829e+01
-1.679199999999999875e+02 0.000000000000000000e+00 -5.388000000000000256e+01 -3.781700000000000159e+02 -2.875000000000000000e+01 -3.579499999999999886e+02 5.453000000000000114e+01 5.196000000000000085e+01 -1.493199999999999932e+02 -8.078000000000000114e+01
-1.505900000000000034e+02 0.000000000000000000e+00 1.207399999999999949e+02 -3.780299999999999727e+02 -7.048000000000000398e+01 1.195999999999999943e+02 -2.978999999999999773e+02 -3.908799999999999955e+02 -5.427000000000000313e+01 -1.814600000000000080e+02
3.234000000000000341e+01 0.000000000000000000e+00 -1.491000000000000014e+01 -2.722500000000000000e+02 -4.071999999999999886e+01 2.168600000000000136e+02 -2.028000000000000114e+01 -9.017000000000000171e+01 -2.294000000000000128e+01 9.876999999999999602e+01
4.846999999999999886e+01 0.000000000000000000e+00 2.377100000000000080e+02 -1.839900000000000091e+02 -3.475999999999999801e+01 2.271000000000000085e+01 9.709999999999999432e+01 2.523600000000000136e+02 9.326999999999999602e+01 1.439399999999999977e+02
-5.353000000000000114e+01 0.000000000000000000e+00 1.976599999999999966e+02 -1.372700000000000102e+02 -3.696000000000000085e+01 -2.247599999999999909e+02 1.514900000000000091e+02 1.905999999999999943e+02 1.093599999999999994e+02 -6.753000000000000114e+01
1.846500000000000057e+02 0.000000000000000000e+00 6.196999999999999886e+01 -1.836899999999999977e+02 -3.238000000000000256e+01 1.491299999999999955e+02 6.695999999999999375e+01 -2.136299999999999955e+02 2.010999999999999943e+01 -1.880000000000000071e+01
7.137000000000000455e+01 0.000000000000000000e+00 -7.254000000000000625e+01 -4.301299999999999955e+02 -8.912999999999999545e+01 -1.823000000000000043e+01 -2.620899999999999750e+02 -1.355900000000000034e+02 -1.507599999999999909e+02 -1.954900000000000091e+02
-1.239200000000000017e+02 0.000000000000000000e+00 -9.370000000000000284e+01 -5.169800000000000182e+02 -4.331000000000000227e+01 -2.730000000000000071e+01 -1.494199999999999875e+02 9.815999999999999659e+01 -1.167300000000000040e+02 2.680000000000000160e+00
-1.373899999999999864e+02 0.000000000000000000e+00 2.384399999999999977e+02 -4.547099999999999795e+02 -2.859999999999999876e+00 2.896999999999999886e+01 3.026200000000000045e+02 6.780000000000000249e+00 8.718000000000000682e+01 1.710800000000000125e+02
-1.255000000000000071e+01 0.000000000000000000e+00 2.113100000000000023e+02 -1.646999999999999886e+02 -5.024000000000000199e+01 8.759999999999999432e+01 9.599999999999999645e+00 -1.610300000000000011e+02 8.406000000000000227e+01 1.137999999999999972e+02
1.576100000000000136e+02 0.000000000000000000e+00 1.591299999999999955e+02 -2.406599999999999966e+02 -4.709000000000000341e+01 -4.210799999999999841e+02 -1.419999999999999929e+00 7.923999999999999488e+01 3.331000000000000227e+01 -4.192000000000000171e+01
-7.534000000000000341e+01 0.000000000000000000e+00 8.679000000000000625e+01 -3.948500000000000227e+02 -3.690999999999999659e+01 4.514300000000000068e+02 5.797999999999999687e+01 2.163300000000000125e+02 8.426999999999999602e+01 -1.071400000000000006e+02
2.805000000000000071e+01 0.000000000000000000e+00 -1.042900000000000063e+02 -2.727099999999999795e+02 -5.596999999999999886e+01 2.737799999999999727e+02 -1.788100000000000023e+02 -7.604000000000000625e+01 -1.503400000000000034e+02 8.934999999999999432e+01
9.609000000000000341e+01 0.000000000000000000e+00 9.630000000000000782e+00 -3.228500000000000227e+02 -6.146000000000000085e+01 -3.465500000000000114e+02 -3.899999999999999911e+00 -8.957999999999999829e+01 2.253999999999999915e+01 -1.470900000000000034e+02
-1.050100000000000051e+02 0.000000000000000000e+00 1.117600000000000051e+02 -4.148799999999999955e+02 -3.048999999999999844e+01 -3.126200000000000045e+02 3.806999999999999886e+02 -7.865999999999999659e+01 6.220000000000000284e+01 -1.254000000000000057e+02
2.960000000000000142e+01 0.000000000000000000e+00 1.403499999999999943e+02 -2.133499999999999943e+02 -4.142000000000000171e+01 3.032300000000000182e+02 -5.806000000000000227e+01 1.451100000000000136e+02 -5.932000000000000028e+01 4.650000000000000000e+01
-4.054999999999999716e+01 0.000000000000000000e+00 1.096700000000000017e+02 -1.745000000000000000e+02 -4.592999999999999972e+01 5.056000000000000227e+01 -1.823700000000000045e+02 -6.067000000000000171e+01 5.614000000000000057e+01 1.854000000000000057e+02
1.780000000000000027e+00 0.000000000000000000e+00 4.282000000000000028e+01 -2.751999999999999957e+01 -6.245000000000000284e+01 6.712999999999999545e+01 -2.462199999999999989e+02 -1.735000000000000142e+01 1.125999999999999979e+01 6.410999999999999943e+01
-1.112800000000000011e+02 0.000000000000000000e+00 -1.082699999999999960e+02 -5.579999999999999716e+01 -5.199000000000000199e+01 -4.235999999999999943e+01 1.185400000000000063e+02 7.364000000000000057e+01 -9.630000000000000782e+00 -3.627099999999999795e+02
9.840999999999999659e+01 0.000000000000000000e+00 1.700000000000000122e-01 -2.149499999999999886e+02 -4.040999999999999659e+01 -4.747999999999999687e+01 1.614000000000000057e+01 -2.396899999999999977e+02 -6.815999999999999659e+01 -8.701000000000000512e+01
1.125000000000000000e+02 0.000000000000000000e+00 -2.676999999999999957e+01 -1.742500000000000000e+02 -5.321999999999999886e+01 -1.946999999999999886e+02 4.479999999999999716e+01 3.368899999999999864e+02 0.000000000000000000e+00 4.198899999999999864e+02
2.203000000000000114e+01 0.000000000000000000e+00 8.973000000000000398e+01 1.983499999999999943e+02 -5.427000000000000313e+01 2.767999999999999972e+01 6.314999999999999858e+01 -8.509000000000000341e+01 0.000000000000000000e+00 2.908999999999999986e+01
-4.075999999999999801e+01 0.000000000000000000e+00 1.708799999999999955e+02 7.528000000000000114e+01 -1.541999999999999993e+01 4.519999999999999574e+00 -1.524199999999999875e+02 -2.335300000000000011e+02 0.000000000000000000e+00 -2.299499999999999886e+02
9.520000000000000284e+01 0.000000000000000000e+00 1.030100000000000051e+02 -6.070000000000000284e+00 -2.321000000000000085e+01 1.022800000000000011e+02 -3.689999999999999858e+01 2.776299999999999955e+02 0.000000000000000000e+00 -4.997999999999999687e+01
-8.120999999999999375e+01 0.000000000000000000e+00 -9.123999999999999488e+01 -7.320000000000000284e+00 -6.192000000000000171e+01 1.670800000000000125e+02 1.807299999999999898e+02 -1.329199999999999875e+02 0.000000000000000000e+00 1.210600000000000023e+02
-6.890000000000000568e+01 0.000000000000000000e+00 4.300999999999999801e+01 2.456599999999999966e+02 -5.302000000000000313e+01 -2.196899999999999977e+02 -2.001599999999999966e+02 -2.181699999999999875e+02 0.000000000000000000e+00 9.282999999999999829e+01
1.062300000000000040e+02 0.000000000000000000e+00 -1.957999999999999829e+01 1.155400000000000063e+02 -2.530000000000000071e+01 -1.227999999999999972e+02 9.123000000000000398e+01 6.698999999999999488e+01 7.382999999999999829e+01 -1.543199999999999932e+02
1.905099999999999909e+02 0.000000000000000000e+00 2.117000000000000171e+01 2.450200000000000102e+02 -1.219999999999999929e+01 1.587700000000000102e+02 3.024800000000000182e+02 3.183100000000000023e+02 -7.579999999999999716e+01 7.645000000000000284e+01
-1.961200000000000045e+02 0.000000000000000000e+00 2.501999999999999886e+02 7.681000000000000227e+01 -5.339999999999999858e+01 2.562500000000000000e+02 4.134000000000000341e+01 -3.820000000000000284e+01 -3.846999999999999886e+01 -2.029999999999999805e+00
-1.238799999999999955e+02 0.000000000000000000e+00 -4.550000000000000000e+01 1.624799999999999898e+02 -5.407999999999999829e+01 1.075100000000000051e+02 -1.961899999999999977e+02 -1.505699999999999932e+02 -4.606000000000000227e+01 -2.966700000000000159e+02
2.364000000000000057e+01 0.000000000000000000e+00 -6.540999999999999659e+01 1.530600000000000023e+02 -3.682999999999999829e+01 -1.796899999999999977e+02 -6.003999999999999915e+01 3.529999999999999805e+00 7.600000000000000000e+01 -1.203400000000000034e+02
2.551800000000000068e+02 0.000000000000000000e+00 -1.358000000000000007e+01 1.496999999999999886e+02 -3.057999999999999829e+01 -4.957200000000000273e+02 -1.331699999999999875e+02 4.233199999999999932e+02 -7.882999999999999829e+01 3.304100000000000250e+02
-1.443199999999999932e+02 0.000000000000000000e+00 8.992000000000000171e+01 2.992300000000000182e+02 -3.600000000000000000e+01 2.155500000000000114e+02 2.462999999999999901e+01 -4.813999999999999773e+02 -4.529999999999999716e+01 2.755999999999999872e+01
-1.749199999999999875e+02 0.000000000000000000e+00 -7.665000000000000568e+01 3.435899999999999750e+02 -3.703000000000000114e+01 4.178199999999999932e+02 8.079999999999999716e+01 1.031000000000000050e+01 3.270000000000000284e+01 -9.115999999999999659e+01
2.110699999999999932e+02 0.000000000000000000e+00 9.240000000000000568e+01 1.196800000000000068e+02 -4.359000000000000341e+01 -3.075799999999999841e+02 -1.260000000000000009e+00 2.656200000000000045e+02 -3.810000000000000142e+01 -8.668999999999999773e+01
1.266299999999999955e+02 0.000000000000000000e+00 3.443999999999999773e+01 2.029699999999999989e+02 -6.209000000000000341e+01 -7.176999999999999602e+01 -1.201099999999999994e+02 -4.407599999999999909e+02 4.959000000000000341e+01 -8.725000000000000000e+01
-2.091200000000000045e+02 0.000000000000000000e+00 -5.650999999999999801e+01 2.948799999999999955e+02 -3.557000000000000028e+01 3.776899999999999977e+02 -1.114500000000000028e+02 3.149399999999999977e+02 -7.290000000000000036e+00 1.739000000000000057e+01
-7.028000000000000114e+01 0.000000000000000000e+00 1.199000000000000021e+01 2.429000000000000057e+02 -8.490000000000000213e+00 -3.003500000000000227e+02 3.422599999999999909e+02 2.081500000000000057e+02 1.737999999999999901e+01 2.571899999999999977e+02
2.318000000000000114e+02 0.000000000000000000e+00 -3.834000000000000341e+01 2.609100000000000250e+02 -5.239000000000000057e+01 -3.434100000000000250e+02 -9.029999999999999716e+01 -5.461799999999999500e+02 -3.540999999999999659e+01 -1.615099999999999909e+02
1.100799999999999983e+02 0.000000000000000000e+00 7.957999999999999829e+01 3.751399999999999864e+02 -2.930999999999999872e+01 4.935899999999999750e+02 -3.657500000000000000e+02 -1.935999999999999943e+02 1.839999999999999858e+01 -1.703000000000000114e+02
-2.876899999999999977e+02 0.000000000000000000e+00 4.211999999999999744e+01 1.653600000000000136e+02 -3.622999999999999687e+01 3.147300000000000182e+02 4.535000000000000142e+01 5.567300000000000182e+02 2.137999999999999901e+01 9.709000000000000341e+01
-5.560000000000000142e+01 0.000000000000000000e+00 6.210999999999999943e+01 1.816200000000000045e+02 -3.146000000000000085e+01 -4.313299999999999841e+02 3.689800000000000182e+02 1.505000000000000071e+01 -6.163000000000000256e+01 1.160199999999999960e+02
1.345800000000000125e+02 0.000000000000000000e+00 -1.190199999999999960e+02 3.239200000000000159e+02 -5.527000000000000313e+01 1.379999999999999893e+00 7.681999999999999318e+01 -9.619999999999999218e+00 9.020999999999999375e+01 -5.375000000000000000e+01
3.747999999999999687e+01 0.000000000000000000e+00 1.837999999999999901e+01 2.573399999999999750e+02 -5.261999999999999744e+01 2.801800000000000068e+02 -3.116899999999999977e+02 8.789000000000000057e+01 5.686999999999999744e+01 5.579999999999999716e+01
-1.335300000000000011e+02 0.000000000000000000e+00 -2.589000000000000057e+01 3.059599999999999795e+02 -2.885000000000000142e+01 9.317000000000000171e+01 2.562300000000000182e+02 -4.450000000000000000e+01 -1.022600000000000051e+02 -2.047199999999999989e+02
6.780000000000000249e+00 0.000000000000000000e+00 4.807999999999999829e+01 2.109799999999999898e+02 -3.642999999999999972e+01 -1.887899999999999920e+02 -1.440500000000000114e+02 -1.793600000000000136e+02 -5.492999999999999972e+01 2.996000000000000085e+01
-3.684000000000000341e+01 0.000000000000000000e+00 9.612000000000000455e+01 1.928799999999999955e+02 -4.075000000000000000e+01 -1.455999999999999943e+02 -2.504099999999999966e+02 2.991000000000000014e+01 4.528000000000000114e+01 2.855999999999999872e+01
-7.123999999999999488e+01 0.000000000000000000e+00 -9.243000000000000682e+01 1.200199999999999960e+02 -2.512000000000000099e+01 -2.156699999999999875e+02 2.478300000000000125e+02 2.728999999999999773e+02 1.147999999999999972e+02 3.961999999999999744e+01
7.304999999999999716e+01 0.000000000000000000e+00 -6.489000000000000057e+01 1.414600000000000080e+02 -3.971000000000000085e+01 8.133400000000000318e+02 1.909199999999999875e+02 -1.692400000000000091e+02 -7.431000000000000227e+01 1.197999999999999972e+02
4.704999999999999716e+01 0.000000000000000000e+00 1.066800000000000068e+02 2.634300000000000068e+02 -4.425999999999999801e+01 -1.822500000000000000e+02 -8.432999999999999829e+01 -3.193600000000000136e+02 -1.215000000000000036e+01 -8.029000000000000625e+01
-9.306999999999999318e+01 0.000000000000000000e+00 6.404999999999999716e+01 2.579800000000000182e+02 -6.479000000000000625e+01 -2.887699999999999818e+02 -3.756800000000000068e+02 1.834399999999999977e+02 -3.815999999999999659e+01 -1.744999999999999929e+01
-6.346999999999999886e+01 0.000000000000000000e+00 1.860000000000000098e+00 9.673999999999999488e+01 -1.563000000000000078e+01 -2.345999999999999943e+02 1.228299999999999983e+02 3.745500000000000114e+02 1.060400000000000063e+02 2.466299999999999955e+02
1.324000000000000057e+02 0.000000000000000000e+00 -2.939000000000000057e+01 6.825000000000000000e+01 -1.305000000000000071e+01 7.913700000000000045e+02 5.187899999999999636e+02 -2.956600000000000250e+02 -7.990999999999999659e+01 -3.235099999999999909e+02
1.349699999999999989e+02 0.000000000000000000e+00 -1.666000000000000014e+01 1.485999999999999943e+01 -3.931000000000000227e+01 -2.585199999999999818e+02 -2.537000000000000099e+01 -3.849800000000000182e+02 -2.830000000000000071e+01 -1.551100000000000136e+02
-4.396999999999999886e+01 0.000000000000000000e+00 9.612000000000000455e+01 2.072500000000000000e+02 -4.357999999999999829e+01 -6.175499999999999545e+02 -6.190700000000000500e+02 2.922699999999999818e+02 9.023000000000000398e+01 3.383500000000000227e+02
-2.233300000000000125e+02 0.000000000000000000e+00 4.706000000000000227e+01 -8.039999999999999147e+00 -3.332000000000000028e+01 6.077799999999999727e+02 2.269300000000000068e+02 2.072599999999999909e+02 -3.164000000000000057e+01 2.420200000000000102e+02
-4.771999999999999886e+01 0.000000000000000000e+00 -4.574000000000000199e+01 -1.460999999999999943e+01 -4.049000000000000199e+01 2.215200000000000102e+02 2.978899999999999864e+02 -4.470500000000000114e+02 3.534000000000000341e+01 -4.149399999999999977e+02
1.277399999999999949e+02 0.000000000000000000e+00 3.606000000000000227e+01 8.800000000000000044e-01 -2.285000000000000142e+01 -4.569200000000000159e+02 -1.168700000000000045e+02 2.938000000000000114e+02 -5.280000000000000249e+00 -1.978199999999999932e+02
8.057999999999999829e+01 0.000000000000000000e+00 2.151000000000000156e+01 -3.439999999999999858e+01 -1.842999999999999972e+01 2.591000000000000014e+01 1.595500000000000114e+02 1.970800000000000125e+02 -2.694000000000000128e+01 3.217599999999999909e+02
-5.102000000000000313e+01 0.000000000000000000e+00 4.545000000000000284e+01 -1.437400000000000091e+02 -6.167000000000000171e+01 1.284999999999999964e+01 6.068999999999999773e+01 8.759999999999999787e+00 5.260000000000000142e+01 1.947599999999999909e+02
-3.141000000000000014e+01 0.000000000000000000e+00 1.177600000000000051e+02 -8.398999999999999488e+01 -2.326000000000000156e+01 1.227300000000000040e+02 -1.538799999999999955e+02 -2.790000000000000000e+02 1.630999999999999872e+01 -2.791299999999999955e+02
-2.182999999999999829e+01 0.000000000000000000e+00 1.642999999999999972e+01 -2.926000000000000156e+01 -2.948000000000000043e+01 1.067900000000000063e+02 1.020799999999999983e+02 -9.935999999999999943e+01 -8.098999999999999488e+01 -1.639000000000000057e+01
-7.393999999999999773e+01 0.000000000000000000e+00 -8.256999999999999318e+01 -2.169099999999999966e+02 -2.810000000000000142e+01 1.987999999999999901e+01 -9.045000000000000284e+01 5.490999999999999659e+01 -7.173999999999999488e+01 1.351999999999999886e+02
-1.252099999999999937e+02 0.000000000000000000e+00 -1.332100000000000080e+02 -4.605600000000000023e+02 -5.997999999999999687e+01 -1.374099999999999966e+02 -2.557000000000000028e+01 8.112999999999999545e+01 1.214099999999999966e+02 -1.290399999999999920e+02
2.416999999999999886e+02 0.000000000000000000e+00 1.300699999999999932e+02 6.364000000000000057e+01 -2.117000000000000171e+01 -4.822500000000000000e+02 8.882999999999999829e+01 -2.050500000000000114e+02 -2.903999999999999915e+01 -5.413000000000000256e+01
2.134300000000000068e+02 0.000000000000000000e+00 2.031399999999999864e+02 1.016599999999999966e+02 -1.550999999999999979e+01 5.337599999999999909e+02 5.524000000000000199e+01 9.543999999999999773e+01 7.720000000000000284e+01 8.670999999999999375e+01
-9.034999999999999432e+01 0.000000000000000000e+00 -1.450800000000000125e+02 -2.033100000000000023e+02 -5.407999999999999829e+01 4.754499999999999886e+02 1.597800000000000011e+02 1.893199999999999932e+02 6.175000000000000000e+01 2.983999999999999986e+01
-9.859999999999999432e+01 0.000000000000000000e+00 -2.217000000000000171e+01 -3.841700000000000159e+02 -1.115000000000000036e+01 -4.319900000000000091e+02 -5.500999999999999801e+01 -1.818000000000000114e+02 -3.335999999999999943e+01 -4.636999999999999744e+01
-1.320999999999999943e+02 0.000000000000000000e+00 -6.948999999999999488e+01 -2.480099999999999909e+02 -1.430000000000000071e+01 -2.976000000000000227e+02 -2.114600000000000080e+02 -2.179799999999999898e+02 -1.494300000000000068e+02 1.770000000000000018e+00
-3.797999999999999687e+01 0.000000000000000000e+00 -1.182699999999999960e+02 -1.560200000000000102e+02 -6.081000000000000227e+01 -1.160400000000000063e+02 1.463300000000000125e+02 -3.442099999999999795e+02 -8.901000000000000512e+01 -2.994000000000000128e+01
1.509399999999999977e+02 0.000000000000000000e+00 2.946999999999999886e+01 -1.389000000000000057e+01 -1.269999999999999929e+01 1.804199999999999875e+02 8.964000000000000057e+01 5.539900000000000091e+02 2.596800000000000068e+02 1.598000000000000043e+01
1.372599999999999909e+02 0.000000000000000000e+00 8.753000000000000114e+01 7.109000000000000341e+01 -2.514000000000000057e+01 9.718700000000000045e+02 -7.099999999999999645e-01 2.767400000000000091e+02 -3.422999999999999687e+01 -3.439999999999999858e+01
8.360999999999999943e+01 0.000000000000000000e+00 -6.954999999999999716e+01 -6.942000000000000171e+01 -2.403999999999999915e+01 -3.893799999999999955e+02 2.460699999999999932e+02 -4.807500000000000000e+02 -6.039999999999999858e+01 -1.767899999999999920e+02
-2.192899999999999920e+02 0.000000000000000000e+00 -1.842500000000000000e+02 -2.833100000000000023e+02 -4.642000000000000171e+01 -7.003600000000000136e+02 -7.054000000000000625e+01 -2.441599999999999966e+02 -1.174599999999999937e+02 3.495000000000000284e+01
-1.945800000000000125e+02 0.000000000000000000e+00 6.311999999999999744e+01 -4.288000000000000256e+01 -2.526999999999999957e+01 -4.046000000000000227e+02 -2.297899999999999920e+02 5.203500000000000227e+02 1.406500000000000057e+02 4.048899999999999864e+02
1.478600000000000136e+02 0.000000000000000000e+00 1.585900000000000034e+02 6.247999999999999687e+01 -9.039999999999999147e+00 9.736599999999999682e+02 1.401999999999999886e+02 1.939900000000000091e+02 9.184999999999999432e+01 -1.190100000000000051e+02
2.376699999999999875e+02 0.000000000000000000e+00 -6.780000000000000249e+00 -7.470000000000000284e+01 -3.182000000000000028e+01 1.472199999999999989e+02 2.071800000000000068e+02 -3.083600000000000136e+02 -4.857000000000000028e+01 -2.583299999999999841e+02
-7.823000000000000398e+01 0.000000000000000000e+00 -1.566100000000000136e+02 -5.559999999999999609e+00 -2.403000000000000114e+01 -4.703399999999999750e+02 -8.964000000000000057e+01 -2.107400000000000091e+02 -1.876000000000000156e+01 4.596999999999999886e+01
-7.592000000000000171e+01 0.000000000000000000e+00 1.017999999999999972e+02 -4.502000000000000313e+01 -4.732999999999999829e+01 6.152000000000000313e+01 -1.175300000000000011e+02 4.875999999999999801e+01 -8.849999999999999645e+00 1.737599999999999909e+02
5.425000000000000000e+01 0.000000000000000000e+00 4.681000000000000227e+01 9.419999999999999929e+00 -1.801999999999999957e+01 3.354100000000000250e+02 1.269999999999999929e+01 2.818999999999999773e+02 -2.014000000000000057e+01 -2.107299999999999898e+02
2.821000000000000085e+01 0.000000000000000000e+00 -1.008100000000000023e+02 -3.264000000000000057e+01 -3.620000000000000284e+01 -3.493700000000000045e+02 9.400000000000000000e+01 -2.454399999999999977e+02 -5.074000000000000199e+01 5.679999999999999716e+00
-7.926999999999999602e+01 0.000000000000000000e+00 1.490699999999999932e+02 -3.664999999999999858e+01 -4.845000000000000284e+01 -4.363100000000000023e+02 9.120999999999999375e+01 -3.242099999999999795e+02 1.431899999999999977e+02 2.699499999999999886e+02
-7.545999999999999375e+01 0.000000000000000000e+00 5.393999999999999773e+01 -8.045999999999999375e+01 -1.826000000000000156e+01 7.562300000000000182e+02 -8.951000000000000512e+01 5.920900000000000318e+02 5.959999999999999964e+00 -1.250600000000000023e+02
3.645000000000000284e+01 0.000000000000000000e+00 -5.925000000000000000e+01 -4.735000000000000142e+01 -2.980000000000000071e+01 3.742599999999999909e+02 4.460999999999999943e+01 2.489000000000000057e+02 -1.032199999999999989e+02 -2.521100000000000136e+02
1.008199999999999932e+02 0.000000000000000000e+00 -1.563899999999999864e+02 -1.989999999999999858e+01 -3.321000000000000085e+01 -4.117699999999999818e+02 1.609099999999999966e+02 -9.644900000000000091e+02 2.810999999999999943e+01 3.026800000000000068e+02
-4.346000000000000085e+01 0.000000000000000000e+00 1.848999999999999844e+01 -1.317599999999999909e+02 -3.424000000000000199e+01 -8.208500000000000227e+02 -1.310600000000000023e+02 2.188400000000000034e+02 -4.136999999999999744e+01 -7.414000000000000057e+01
-4.129999999999999716e+01 0.000000000000000000e+00 1.119399999999999977e+02 3.434000000000000341e+01 -5.347999999999999687e+01 5.822899999999999636e+02 -1.086800000000000068e+02 1.607199999999999989e+02 1.114000000000000057e+01 -1.824000000000000057e+02
1.132000000000000028e+01 0.000000000000000000e+00 4.759000000000000341e+01 -1.210000000000000000e+02 -2.683999999999999986e+01 4.106399999999999864e+02 1.653799999999999955e+02 -1.930300000000000011e+02 2.891000000000000014e+01 1.967899999999999920e+02
1.122099999999999937e+02 0.000000000000000000e+00 -8.753000000000000114e+01 -2.315900000000000034e+02 -1.905999999999999872e+01 -2.470600000000000023e+02 2.145000000000000000e+02 3.642699999999999818e+02 9.243000000000000682e+01 8.073999999999999488e+01
-1.831699999999999875e+02 0.000000000000000000e+00 -1.199399999999999977e+02 1.175999999999999979e+01 -3.400000000000000000e+01 7.718000000000000682e+01 -1.182999999999999972e+02 1.023400000000000034e+02 1.174000000000000021e+01 -7.756000000000000227e+01
-1.464600000000000080e+02 0.000000000000000000e+00 1.468999999999999950e+01 -1.746599999999999966e+02 -3.150000000000000000e+01 -2.443799999999999955e+02 -5.625000000000000000e+01 -2.657200000000000273e+02 -6.831999999999999318e+01 -2.925000000000000000e+01
1.563700000000000045e+02 0.000000000000000000e+00 7.567000000000000171e+01 -2.379199999999999875e+02 -4.313000000000000256e+01 -2.160000000000000000e+02 1.851999999999999886e+02 2.469699999999999989e+02 3.443999999999999773e+01 1.787000000000000099e+01
1.148700000000000045e+02 0.000000000000000000e+00 -2.326899999999999977e+02 -2.379499999999999886e+02 -4.554999999999999716e+01 5.217699999999999818e+02 -1.484499999999999886e+02 -3.512699999999999818e+02 -1.209899999999999949e+02 -1.755999999999999872e+01
-7.962000000000000455e+01 0.000000000000000000e+00 -1.240000000000000000e+02 -1.925300000000000011e+02 -9.000000000000000000e+00 2.679700000000000273e+02 -1.428700000000000045e+02 -7.053000000000000114e+01 3.286999999999999744e+01 -1.338400000000000034e+02
-3.044999999999999929e+01 0.000000000000000000e+00 -2.817000000000000171e+01 -2.039300000000000068e+02 -1.421000000000000085e+01 -9.251000000000000512e+01 -4.431000000000000227e+01 1.094800000000000040e+02 6.756999999999999318e+01 -7.104999999999999716e+01
-3.443999999999999773e+01 0.000000000000000000e+00 -5.717000000000000171e+01 -2.953299999999999841e+02 -3.420000000000000284e+01 -5.175399999999999636e+02 1.831399999999999864e+02 2.991000000000000227e+02 2.487999999999999901e+01 6.429000000000000625e+01
-1.831999999999999886e+02 0.000000000000000000e+00 -1.857800000000000011e+02 -2.327100000000000080e+02 -4.321000000000000085e+01 6.448000000000000398e+01 1.931999999999999886e+02 6.951999999999999602e+01 1.873000000000000043e+01 7.798999999999999488e+01
2.119000000000000128e+01 0.000000000000000000e+00 -3.460999999999999943e+01 -2.153799999999999955e+02 2.107999999999999829e+01 4.245299999999999727e+02 -2.751999999999999957e+01 -2.175399999999999920e+02 -8.117000000000000171e+01 -1.248000000000000043e+01
2.445600000000000023e+02 0.000000000000000000e+00 -1.186400000000000006e+02 -1.935099999999999909e+02 -1.366999999999999993e+01 -1.394000000000000057e+02 -2.469799999999999898e+02 -2.811600000000000250e+02 -7.318999999999999773e+01 7.182999999999999829e+01
2.083999999999999986e+01 0.000000000000000000e+00 -1.954199999999999875e+02 -2.330800000000000125e+02 -3.153000000000000114e+01 -2.242700000000000102e+02 -5.584000000000000341e+01 1.184599999999999937e+02 1.086400000000000006e+02 -8.650000000000000355e+00
-2.263199999999999932e+02 0.000000000000000000e+00 -2.257999999999999829e+01 -8.718000000000000682e+01 -4.202000000000000313e+01 3.588999999999999773e+02 6.160000000000000142e+00 1.068799999999999955e+02 -1.431000000000000050e+01 -2.540900000000000034e+02
9.076000000000000512e+01 0.000000000000000000e+00 -1.417299999999999898e+02 -7.862999999999999545e+01 -2.073999999999999844e+01 1.148900000000000006e+02 7.671999999999999886e+01 -1.510000000000000009e+00 5.496000000000000085e+01 -1.295600000000000023e+02
1.565300000000000011e+02 0.000000000000000000e+00 -1.420600000000000023e+02 -1.488400000000000034e+02 1.744000000000000128e+01 -3.484900000000000091e+02 2.359199999999999875e+02 3.925999999999999801e+01 -4.929999999999999716e+00 3.260099999999999909e+02
-2.459799999999999898e+02 0.000000000000000000e+00 -1.066000000000000014e+01 1.434999999999999964e+01 -3.764000000000000057e+01 -1.331899999999999977e+02 1.235499999999999972e+02 -1.239500000000000028e+02 -6.146000000000000085e+01 4.003999999999999915e+01
-2.236699999999999875e+02 0.000000000000000000e+00 -2.508999999999999986e+01 -2.203000000000000114e+01 -1.164000000000000057e+01 1.083400000000000034e+02 -2.262299999999999898e+02 3.796100000000000136e+02 3.503000000000000114e+01 -3.697999999999999687e+01
2.869499999999999886e+02 0.000000000000000000e+00 -2.632500000000000000e+02 -1.159699999999999989e+02 1.334999999999999964e+01 2.509699999999999989e+02 -2.285900000000000034e+02 -5.250999999999999801e+01 7.664000000000000057e+01 -5.307000000000000028e+01
1.369300000000000068e+02 0.000000000000000000e+00 -1.653499999999999943e+02 -4.169999999999999929e+00 -3.867000000000000171e+01 -1.674499999999999886e+02 7.254000000000000625e+01 -2.228799999999999955e+02 -4.500000000000000000e+01 3.930000000000000160e+00
-7.509000000000000341e+01 0.000000000000000000e+00 4.259999999999999787e+00 2.405500000000000114e+02 -3.374000000000000199e+01 2.829900000000000091e+02 8.678000000000000114e+01 1.798499999999999943e+02 -3.030999999999999872e+01 1.086999999999999922e+01
-8.698999999999999488e+01 0.000000000000000000e+00 -1.235199999999999960e+02 1.225400000000000063e+02 -3.731000000000000227e+01 3.770799999999999841e+02 -3.857999999999999829e+01 3.214000000000000057e+01 -7.799999999999999822e+00 -8.704000000000000625e+01
-6.231000000000000227e+01 0.000000000000000000e+00 -4.356299999999999955e+02 9.490000000000000568e+01 -1.508999999999999986e+01 -7.005099999999999909e+02 -1.839499999999999886e+02 -5.542999999999999545e+02 -2.782999999999999829e+01 -2.144900000000000091e+02
-9.234000000000000341e+01 0.000000000000000000e+00 -1.405900000000000034e+02 1.932000000000000028e+01 -2.360999999999999943e+01 -3.215799999999999841e+02 -1.289499999999999886e+02 2.783299999999999841e+02 -1.169999999999999929e+01 1.754499999999999886e+02
9.812999999999999545e+01 0.000000000000000000e+00 2.994000000000000128e+01 2.471299999999999955e+02 -2.146999999999999886e+01 1.290800000000000125e+02 -1.013400000000000034e+02 5.513200000000000500e+02 3.322999999999999687e+01 1.574000000000000057e+02
8.759000000000000341e+01 0.000000000000000000e+00 -1.242600000000000051e+02 4.120199999999999818e+02 -1.010999999999999943e+01 6.767400000000000091e+02 2.783100000000000023e+02 -4.026700000000000159e+02 1.045600000000000023e+02 -2.000500000000000114e+02
4.903000000000000114e+01 0.000000000000000000e+00 -2.851800000000000068e+02 1.069500000000000028e+02 6.349999999999999645e+00 -4.146700000000000159e+02 -7.434000000000000341e+01 -1.601200000000000045e+02 -5.699000000000000199e+01 -5.742000000000000171e+01
-3.238000000000000256e+01 0.000000000000000000e+00 -1.734499999999999886e+02 3.169900000000000091e+02 -5.035999999999999943e+01 8.051000000000000512e+01 -1.133299999999999983e+02 1.232000000000000028e+01 -1.035300000000000011e+02 1.115499999999999972e+02
-5.796999999999999886e+01 0.000000000000000000e+00 -1.147999999999999972e+02 4.959499999999999886e+02 -4.961999999999999744e+01 4.975000000000000000e+02 2.850000000000000089e+00 -1.451399999999999864e+02 -1.488199999999999932e+02 -1.988100000000000023e+02
1.966000000000000014e+01 0.000000000000000000e+00 -1.208199999999999932e+02 4.095400000000000205e+02 5.370000000000000107e+00 -5.331299999999999955e+02 -1.379499999999999886e+02 1.461200000000000045e+02 1.105799999999999983e+02 -2.367100000000000080e+02
-8.040999999999999659e+01 0.000000000000000000e+00 -1.971800000000000068e+02 2.307199999999999989e+02 1.092999999999999972e+01 -5.620900000000000318e+02 2.282999999999999829e+01 -2.948000000000000043e+01 8.514000000000000057e+01 1.380300000000000011e+02
-6.709999999999999964e+00 0.000000000000000000e+00 3.959999999999999964e+00 4.580899999999999750e+02 -1.421000000000000085e+01 5.641000000000000227e+02 2.191100000000000136e+02 -5.874000000000000199e+01 1.675000000000000000e+01 7.137699999999999818e+02
1.607500000000000000e+02 0.000000000000000000e+00 -1.935999999999999943e+01 6.019099999999999682e+02 -1.201999999999999957e+01 3.437200000000000273e+02 6.740999999999999659e+01 2.971100000000000136e+02 -2.769000000000000128e+01 -1.264599999999999937e+02
1.615500000000000114e+02 0.000000000000000000e+00 -1.819499999999999886e+02 4.576800000000000068e+02 -2.687999999999999901e+01 -2.077599999999999909e+02 -1.102300000000000040e+02 -5.889000000000000057e+01 3.030999999999999872e+01 -6.843799999999999955e+02
-4.296000000000000085e+01 0.000000000000000000e+00 -8.231999999999999318e+01 2.811499999999999773e+02 1.190000000000000036e+01 -1.567800000000000011e+02 -3.322099999999999795e+02 -2.162100000000000080e+02 -8.234999999999999432e+01 4.825000000000000000e+01
-2.307599999999999909e+02 0.000000000000000000e+00 -9.618999999999999773e+01 3.321200000000000045e+02 -5.381000000000000227e+01 1.360900000000000034e+02 -1.422199999999999989e+02 9.998000000000000398e+01 -5.349000000000000199e+01 5.240199999999999818e+02
-1.375800000000000125e+02 0.000000000000000000e+00 -1.384699999999999989e+02 4.895199999999999818e+02 -3.568999999999999773e+01 5.971999999999999886e+01 1.394099999999999966e+02 5.650000000000000355e+00 3.019999999999999929e+01 -1.814000000000000057e+02
1.809499999999999886e+02 0.000000000000000000e+00 -9.089999999999999858e+00 3.373600000000000136e+02 -7.099999999999999645e-01 -3.317200000000000273e+02 -4.900000000000000355e+00 -3.909700000000000273e+02 1.586100000000000136e+02 -3.159399999999999977e+02
1.415800000000000125e+02 0.000000000000000000e+00 1.199999999999999956e+00 2.216999999999999886e+02 -1.567999999999999972e+01 1.419699999999999989e+02 -9.398999999999999488e+01 4.600500000000000114e+02 -6.998999999999999488e+01 6.784999999999999432e+01
-1.449499999999999886e+02 0.000000000000000000e+00 -3.778999999999999915e+01 2.515600000000000023e+02 -3.575000000000000000e+01 3.098799999999999955e+02 1.111200000000000045e+02 1.784799999999999898e+02 -1.243299999999999983e+02 5.196999999999999886e+01
3.101000000000000156e+01 0.000000000000000000e+00 -6.800000000000000488e-01 2.254000000000000057e+02 -3.446000000000000085e+01 3.103999999999999915e+01 -2.812500000000000000e+02 -3.138600000000000136e+02 1.717000000000000171e+01 -3.682999999999999829e+01
9.235999999999999943e+01 0.000000000000000000e+00 -1.238400000000000034e+02 7.670999999999999375e+01 -6.240000000000000213e+00 -3.435500000000000114e+02 -1.008900000000000006e+02 3.055000000000000071e+01 2.721000000000000085e+01 -9.412999999999999545e+01
-1.365699999999999932e+02 0.000000000000000000e+00 2.355999999999999872e+01 5.853999999999999915e+01 2.141000000000000014e+01 -3.177599999999999909e+02 3.541000000000000227e+02 -1.401999999999999957e+01 -8.309999999999999432e+01 3.486700000000000159e+02
-2.580999999999999872e+01 0.000000000000000000e+00 -1.425999999999999979e+01 7.870000000000000284e+01 -2.512999999999999901e+01 3.425199999999999818e+02 -1.757199999999999989e+02 -2.498000000000000114e+02 -4.400000000000000022e-01 1.049000000000000021e+01
6.828000000000000114e+01 0.000000000000000000e+00 -3.322999999999999687e+01 -1.099000000000000021e+01 -3.729999999999999982e+00 2.496100000000000136e+02 -1.950900000000000034e+02 -7.153000000000000114e+01 1.010000000000000000e+02 -2.089000000000000057e+02
4.384000000000000341e+01 0.000000000000000000e+00 -1.023299999999999983e+02 1.810000000000000053e+00 -3.750000000000000000e+01 -3.628000000000000114e+02 3.234800000000000182e+02 4.960299999999999727e+02 -9.890000000000000568e+00 -2.862000000000000099e+01
7.334000000000000341e+01 0.000000000000000000e+00 1.219300000000000068e+02 -2.958999999999999986e+01 3.684000000000000341e+01 1.880399999999999920e+02 1.738400000000000034e+02 1.847800000000000011e+02 5.560999999999999943e+01 1.687500000000000000e+02
-4.032999999999999829e+01 0.000000000000000000e+00 4.847999999999999687e+01 -1.532100000000000080e+02 4.199999999999999845e-01 -4.739999999999999858e+01 -3.196800000000000068e+02 -4.509900000000000091e+02 2.196000000000000085e+01 -1.216200000000000045e+02
3.589000000000000057e+01 0.000000000000000000e+00 -1.120100000000000051e+02 -1.909000000000000057e+02 -5.103000000000000114e+01 -4.160000000000000142e+00 -2.095099999999999909e+02 -2.873000000000000114e+02 -1.937000000000000099e+01 2.076999999999999886e+02
-1.229099999999999966e+02 0.000000000000000000e+00 -7.895999999999999375e+01 -2.087400000000000091e+02 3.786999999999999744e+01 2.026000000000000156e+01 9.037000000000000455e+01 3.504100000000000250e+02 5.500000000000000444e-01 5.929999999999999716e+01
-1.883300000000000125e+02 0.000000000000000000e+00 8.000000000000000000e+01 -2.788299999999999841e+02 -2.182999999999999829e+01 5.299000000000000199e+01 -6.514000000000000057e+01 1.463600000000000136e+02 -2.637999999999999901e+01 -2.912799999999999727e+02
1.680800000000000125e+02 0.000000000000000000e+00 -1.164800000000000040e+02 -2.675299999999999727e+02 7.280000000000000249e+00 -1.843300000000000125e+02 1.035900000000000034e+02 -1.346599999999999966e+02 -2.123999999999999844e+01 -4.521999999999999886e+01
2.630899999999999750e+02 0.000000000000000000e+00 -1.496800000000000068e+02 -2.364099999999999966e+02 -3.931000000000000227e+01 1.859300000000000068e+02 5.242000000000000171e+01 6.309000000000000341e+01 2.919999999999999929e+01 8.995999999999999375e+01
-1.271700000000000017e+02 0.000000000000000000e+00 7.596999999999999886e+01 -1.444600000000000080e+02 -1.694999999999999929e+01 2.713399999999999750e+02 -2.414000000000000057e+01 -7.809000000000000341e+01 1.551200000000000045e+02 6.989000000000000057e+01
-2.296999999999999886e+01 0.000000000000000000e+00 5.195000000000000284e+01 -2.486399999999999864e+02 2.289999999999999858e+01 9.632999999999999829e+01 -3.196499999999999773e+02 6.564000000000000057e+01 -1.091700000000000017e+02 -1.658000000000000114e+02
-4.731000000000000227e+01 0.000000000000000000e+00 -5.725999999999999801e+01 -3.739100000000000250e+02 -6.589999999999999858e+00 -5.735299999999999727e+02 6.163000000000000256e+01 -3.199300000000000068e+02 -1.430900000000000034e+02 1.288000000000000078e+01
-1.934499999999999886e+02 0.000000000000000000e+00 -5.729999999999999716e+01 -2.127800000000000011e+02 -1.458000000000000007e+01 -2.498600000000000136e+02 2.257400000000000091e+02 -1.688300000000000125e+02 1.605000000000000071e+01 1.348600000000000136e+02
1.379499999999999886e+02 0.000000000000000000e+00 -4.810999999999999943e+01 -1.467800000000000011e+02 -2.339999999999999858e+01 7.644400000000000546e+02 -6.263000000000000256e+01 2.182800000000000011e+02 8.387999999999999545e+01 1.143599999999999994e+02
1.303000000000000114e+02 0.000000000000000000e+00 -3.922999999999999687e+01 -1.605800000000000125e+02 7.379999999999999893e+00 1.978999999999999915e+01 1.237999999999999972e+02 3.842099999999999795e+02 1.566000000000000014e+01 -1.320600000000000023e+02
-3.790999999999999659e+01 0.000000000000000000e+00 -3.321999999999999886e+01 -9.073000000000000398e+01 -3.057999999999999829e+01 -6.256599999999999682e+02 -7.854000000000000625e+01 -1.146599999999999966e+02 -2.109999999999999876e+00 -5.875999999999999801e+01
-2.808999999999999986e+01 0.000000000000000000e+00 7.910000000000000142e+00 5.500000000000000000e+00 5.320000000000000284e+00 3.762699999999999818e+02 -2.176899999999999977e+02 -3.389900000000000091e+02 1.149000000000000021e+01 8.614000000000000057e+01
1.107099999999999937e+02 0.000000000000000000e+00 1.139500000000000028e+02 -6.261999999999999744e+01 2.037999999999999901e+01 3.866499999999999773e+02 3.118700000000000045e+02 2.276299999999999955e+02 1.311899999999999977e+02 1.413700000000000045e+02
-2.160000000000000142e+01 0.000000000000000000e+00 -6.321999999999999886e+01 -2.011200000000000045e+02 -3.076000000000000156e+01 -3.891700000000000159e+02 1.575600000000000023e+02 -2.881200000000000045e+02 -7.479999999999999716e+01 -1.003199999999999932e+02
-1.960999999999999943e+01 0.000000000000000000e+00 -8.182999999999999829e+01 2.052899999999999920e+02 -2.633999999999999986e+01 -4.965099999999999909e+02 -2.133999999999999986e+01 -4.432000000000000028e+01 -2.350000000000000000e+01 -1.069999999999999929e+01
-1.219399999999999977e+02 0.000000000000000000e+00 8.820999999999999375e+01 7.067000000000000171e+01 -3.921999999999999886e+01 7.103700000000000045e+02 -2.246399999999999864e+02 5.020799999999999841e+02 4.734000000000000341e+01 4.604999999999999716e+01
3.620000000000000107e+00 0.000000000000000000e+00 -1.604399999999999977e+02 -1.767000000000000171e+01 3.689999999999999947e+00 2.821399999999999864e+02 -1.197500000000000000e+02 8.684000000000000341e+01 -6.185000000000000142e+01 -1.299199999999999875e+02
5.706000000000000227e+01 0.000000000000000000e+00 -3.382000000000000028e+01 -5.068999999999999773e+01 -3.414000000000000057e+01 -4.014399999999999977e+02 7.910999999999999943e+01 -4.992200000000000273e+02 4.050000000000000000e+01 -1.233499999999999943e+02
2.171000000000000085e+01 0.000000000000000000e+00 5.903000000000000114e+01 1.924199999999999875e+02 -1.955999999999999872e+01 -4.436000000000000227e+02 2.366399999999999864e+02 5.759000000000000341e+01 -5.147999999999999687e+01 1.639000000000000057e+02
-1.324900000000000091e+02 0.000000000000000000e+00 9.851000000000000512e+01 2.163100000000000023e+02 5.040000000000000036e+00 8.749400000000000546e+02 7.240999999999999659e+01 8.676000000000000512e+01 1.052600000000000051e+02 1.450999999999999979e+01
1.641699999999999875e+02 0.000000000000000000e+00 1.644999999999999929e+01 1.075699999999999932e+02 -3.119999999999999929e+01 2.945899999999999750e+02 -2.706100000000000136e+02 3.292000000000000171e+01 -7.529999999999999716e+01 -1.808999999999999986e+01
6.780000000000000249e+00 0.000000000000000000e+00 -1.278400000000000034e+02 -2.620000000000000107e+00 -3.989999999999999858e+01 -8.978400000000000318e+02 -9.637000000000000455e+01 -3.360999999999999943e+01 -4.903999999999999915e+01 -1.137199999999999989e+02
-2.095699999999999932e+02 0.000000000000000000e+00 -1.508199999999999932e+02 2.075200000000000102e+02 1.419999999999999929e+00 -3.773199999999999932e+02 -1.093499999999999943e+02 -1.404199999999999875e+02 -7.748999999999999488e+01 -2.142000000000000171e+01
-1.336800000000000068e+02 0.000000000000000000e+00 1.320800000000000125e+02 7.582999999999999829e+01 -5.490000000000000213e+00 7.821499999999999773e+02 2.587500000000000000e+02 8.225000000000000000e+01 2.687999999999999901e+01 1.269899999999999949e+02
1.814199999999999875e+02 0.000000000000000000e+00 3.406000000000000227e+01 1.607899999999999920e+02 -2.987000000000000099e+01 2.123100000000000023e+02 3.888000000000000114e+02 5.325000000000000000e+01 8.001999999999999602e+01 -1.323199999999999932e+02
1.300099999999999909e+02 0.000000000000000000e+00 1.895500000000000114e+02 1.966100000000000136e+02 -1.086999999999999922e+01 -2.116100000000000136e+02 -4.904700000000000273e+02 -1.970099999999999909e+02 1.394099999999999966e+02 7.115000000000000568e+01
1.047900000000000063e+02 0.000000000000000000e+00 2.214000000000000057e+01 1.471899999999999977e+02 2.885000000000000142e+01 -3.192999999999999972e+01 -2.853199999999999932e+02 3.511000000000000227e+02 -7.723999999999999488e+01 1.796500000000000057e+02
-2.000900000000000034e+02 0.000000000000000000e+00 -2.196999999999999886e+01 4.378999999999999915e+01 -1.143999999999999950e+01 1.872599999999999909e+02 3.370799999999999841e+02 7.851999999999999602e+01 -9.159000000000000341e+01 -5.815999999999999659e+01
-1.849499999999999886e+02 0.000000000000000000e+00 -8.285999999999999943e+01 8.965000000000000568e+01 -4.359000000000000341e+01 -9.109000000000000341e+01 5.713000000000000256e+01 -6.181799999999999500e+02 -7.329000000000000625e+01 3.057999999999999829e+01
-6.904000000000000625e+01 0.000000000000000000e+00 -1.994000000000000128e+01 -4.450999999999999801e+01 -1.760000000000000142e+01 -3.758299999999999841e+02 2.820299999999999727e+02 3.356299999999999955e+02 1.341000000000000014e+01 -1.389000000000000057e+02
2.334499999999999886e+02 0.000000000000000000e+00 7.064000000000000057e+01 -7.114000000000000057e+01 1.898000000000000043e+01 1.623499999999999943e+02 -1.283600000000000136e+02 4.974200000000000159e+02 -2.316000000000000014e+01 -8.065000000000000568e+01
-4.700000000000000000e+01 0.000000000000000000e+00 1.130999999999999943e+02 1.905200000000000102e+02 -1.635999999999999943e+01 7.459999999999999432e+01 -4.289200000000000159e+02 -3.217099999999999795e+02 9.975000000000000000e+01 7.737000000000000455e+01
-2.169999999999999929e+01 0.000000000000000000e+00 5.275000000000000000e+01 1.285900000000000034e+02 3.120000000000000107e+00 1.402800000000000011e+02 2.251399999999999864e+02 -3.578600000000000136e+02 5.810000000000000142e+01 2.356699999999999875e+02
4.065999999999999659e+01 0.000000000000000000e+00 -6.975000000000000000e+01 -9.051000000000000512e+01 -4.070000000000000284e+00 3.805600000000000023e+02 1.377400000000000091e+02 1.731500000000000057e+02 -1.108599999999999994e+02 -1.770200000000000102e+02
-4.142000000000000171e+01 0.000000000000000000e+00 -6.725000000000000000e+01 -1.107699999999999960e+02 -2.641000000000000014e+01 -3.041399999999999864e+02 -1.702400000000000091e+02 -1.932999999999999829e+01 2.003999999999999915e+01 -2.635400000000000205e+02
-1.993300000000000125e+02 0.000000000000000000e+00 1.507800000000000011e+02 -2.260999999999999943e+01 -3.419999999999999929e+00 -4.845500000000000114e+02 6.593999999999999773e+01 4.821999999999999886e+01 -7.623999999999999488e+01 2.985299999999999727e+02
-1.479999999999999982e+00 0.000000000000000000e+00 1.110799999999999983e+02 3.959999999999999964e+00 5.650000000000000355e+00 3.479200000000000159e+02 -4.469999999999999751e+00 -2.346999999999999886e+01 3.588000000000000256e+01 1.194899999999999949e+02
2.335699999999999932e+02 0.000000000000000000e+00 -1.635300000000000011e+02 1.741000000000000014e+01 -9.640000000000000568e+00 1.940300000000000011e+02 -1.901500000000000057e+02 1.821699999999999875e+02 1.194599999999999937e+02 -3.214800000000000182e+02
6.156000000000000227e+01 0.000000000000000000e+00 1.178299999999999983e+02 -1.008100000000000023e+02 2.669999999999999929e+00 1.455300000000000011e+02 1.598000000000000114e+02 -7.782999999999999829e+01 -5.992000000000000171e+01 -7.256000000000000227e+01
-9.026000000000000512e+01 0.000000000000000000e+00 -2.489999999999999858e+01 5.860000000000000320e+00 1.096000000000000085e+01 -3.876100000000000136e+02 -9.906000000000000227e+01 -7.179000000000000625e+01 -8.265999999999999659e+01 1.457299999999999898e+02
1.020000000000000018e+00 0.000000000000000000e+00 4.485999999999999943e+01 8.656999999999999318e+01 -2.503999999999999915e+01 3.364700000000000273e+02 4.603000000000000114e+01 -3.308100000000000023e+02 -3.346999999999999886e+01 -1.657899999999999920e+02
-1.389900000000000091e+02 0.000000000000000000e+00 -2.864000000000000057e+01 -2.957000000000000028e+01 4.000000000000000222e-01 -1.214800000000000040e+02 -9.164000000000000057e+01 1.340699999999999932e+02 2.700000000000000000e+01 -4.535000000000000142e+01
-6.815999999999999659e+01 0.000000000000000000e+00 -8.830000000000000071e+00 -1.418700000000000045e+02 1.159999999999999964e+01 -2.700000000000000178e+00 -1.322899999999999920e+02 4.586299999999999955e+02 5.220000000000000284e+01 2.166999999999999886e+02
6.476999999999999602e+01 0.000000000000000000e+00 1.119399999999999977e+02 8.034000000000000341e+01 2.630999999999999872e+01 7.360000000000000320e+00 3.873399999999999750e+02 -2.680000000000000160e+00 -6.529999999999999716e+01 1.986299999999999955e+02
2.697699999999999818e+02 0.000000000000000000e+00 -2.069999999999999840e+00 3.617999999999999972e+01 1.375999999999999979e+01 5.881000000000000227e+01 -1.155699999999999932e+02 -2.989300000000000068e+02 8.051000000000000512e+01 -1.757100000000000080e+02
6.673999999999999488e+01 0.000000000000000000e+00 -5.122999999999999687e+01 5.443999999999999773e+01 3.819999999999999840e+00 -1.984099999999999966e+02 -1.963600000000000136e+02 -1.147999999999999972e+02 -3.460999999999999943e+01 -1.369699999999999989e+02
-1.304199999999999875e+02 0.000000000000000000e+00 1.973899999999999864e+02 -2.662999999999999901e+01 -6.129999999999999893e+00 6.781000000000000227e+01 1.988700000000000045e+02 1.784199999999999875e+02 5.485000000000000142e+01 2.080399999999999920e+02
1.744000000000000128e+01 0.000000000000000000e+00 7.376000000000000512e+01 3.229999999999999982e+00 -1.175999999999999979e+01 1.616599999999999966e+02 -1.771999999999999886e+01 -2.240500000000000114e+02 3.871000000000000085e+01 6.267000000000000171e+01
-1.978999999999999915e+01 0.000000000000000000e+00 -3.935000000000000142e+01 3.393999999999999773e+01 5.750000000000000000e+00 1.280099999999999909e+02 -2.326899999999999977e+02 1.713199999999999932e+02 -7.673999999999999488e+01 -4.300899999999999750e+02
-5.450999999999999801e+01 0.000000000000000000e+00 -3.564000000000000057e+01 -1.380000000000000071e+01 -3.709999999999999964e+00 3.706000000000000227e+01 9.706999999999999318e+01 2.070999999999999943e+02 2.876999999999999957e+01 -1.097800000000000011e+02
-1.989999999999999858e+01 0.000000000000000000e+00 5.296999999999999886e+01 3.211999999999999744e+01 3.680000000000000160e+00 -2.128499999999999943e+02 -2.242999999999999972e+01 -1.078100000000000023e+02 3.171000000000000085e+01 3.940500000000000114e+02
1.706999999999999886e+02 0.000000000000000000e+00 5.888000000000000256e+01 -2.176999999999999957e+01 2.526999999999999957e+01 -2.223899999999999864e+02 -1.774000000000000057e+02 -1.912299999999999898e+02 1.570000000000000062e+00 1.193700000000000045e+02
-4.193999999999999773e+01 0.000000000000000000e+00 4.628000000000000114e+01 -6.111999999999999744e+01 -1.962000000000000099e+01 3.362099999999999795e+02 1.580300000000000011e+02 4.925999999999999801e+01 -1.222999999999999972e+02 -2.567400000000000091e+02
-1.066200000000000045e+02 0.000000000000000000e+00 7.692000000000000171e+01 -2.719000000000000128e+01 -4.178999999999999915e+01 1.409300000000000068e+02 -2.341699999999999875e+02 -1.426100000000000136e+02 -1.524000000000000021e+01 -1.969600000000000080e+02
-6.876000000000000512e+01 0.000000000000000000e+00 -1.885999999999999943e+01 7.550000000000000000e+01 -3.439999999999999947e+00 6.715000000000000568e+01 -1.586999999999999886e+02 7.881999999999999318e+01 1.209500000000000028e+02 -1.997400000000000091e+02
6.604000000000000625e+01 0.000000000000000000e+00 1.444199999999999875e+02 8.939999999999999503e+00 -3.240000000000000213e+00 -1.332100000000000080e+02 8.046999999999999886e+01 2.241800000000000068e+02 3.060999999999999943e+01 4.412200000000000273e+02
1.350900000000000034e+02 0.000000000000000000e+00 1.194099999999999966e+02 -4.197999999999999687e+01 1.399000000000000021e+01 -2.922500000000000000e+02 4.286399999999999864e+02 2.304900000000000091e+02 -4.050999999999999801e+01 2.782999999999999829e+01
-3.076999999999999957e+01 0.000000000000000000e+00 1.296000000000000085e+01 -5.515999999999999659e+01 -1.208000000000000007e+01 1.874000000000000057e+02 -9.182999999999999829e+01 -4.360400000000000205e+02 -4.975999999999999801e+01 -6.751000000000000512e+01
-6.679999999999999716e+01 0.000000000000000000e+00 -2.671000000000000085e+01 2.149999999999999911e+00 5.959999999999999964e+00 4.938399999999999750e+02 -5.372100000000000364e+02 -3.296200000000000045e+02 4.220000000000000284e+01 9.425000000000000000e+01
1.488000000000000078e+01 0.000000000000000000e+00 6.582999999999999829e+01 2.083999999999999986e+01 -2.437000000000000099e+01 -4.835099999999999909e+02 1.987199999999999989e+02 3.203000000000000114e+01 1.207500000000000000e+02 -2.739000000000000057e+01
3.818999999999999773e+01 0.000000000000000000e+00 1.145100000000000051e+02 5.025000000000000000e+01 -8.119999999999999218e+00 -7.271999999999999886e+01 1.903700000000000045e+02 4.918299999999999841e+02 2.842000000000000171e+01 -9.285999999999999943e+01
3.818999999999999773e+01 0.000000000000000000e+00 3.717000000000000171e+01 8.278000000000000114e+01 -1.019999999999999929e+01 1.440999999999999943e+02 -5.714000000000000057e+01 3.188899999999999864e+02 6.378000000000000114e+01 -4.156000000000000227e+01
-5.725999999999999801e+01 0.000000000000000000e+00 -6.623999999999999488e+01 -3.459999999999999964e+00 -1.708999999999999986e+01 7.153300000000000409e+02 1.853999999999999915e+01 -3.155199999999999818e+02 -6.321999999999999886e+01 5.760999999999999943e+01
-7.609000000000000341e+01 0.000000000000000000e+00 -3.774000000000000199e+01 -2.344900000000000091e+02 -4.660000000000000142e+00 -5.936699999999999591e+02 -1.890800000000000125e+02 -3.431999999999999886e+02 -2.573999999999999844e+01 1.094200000000000017e+02
-2.239000000000000057e+01 0.000000000000000000e+00 -1.841000000000000014e+01 5.719999999999999751e+00 -3.094999999999999929e+01 -4.479900000000000091e+02 1.979999999999999982e+00 2.246599999999999966e+02 -1.250000000000000000e+01 -1.035100000000000051e+02
-2.028999999999999915e+01 0.000000000000000000e+00 -6.845000000000000284e+01 2.510500000000000114e+02 3.379999999999999893e+00 4.041600000000000250e+02 1.190600000000000023e+02 2.776700000000000159e+02 1.100799999999999983e+02 -1.527599999999999909e+02
-1.973000000000000043e+01 0.000000000000000000e+00 3.465999999999999659e+01 -4.335999999999999943e+01 -1.357000000000000028e+01 8.893999999999999773e+01 5.179999999999999716e+00 -1.728100000000000023e+02 -2.969000000000000128e+01 1.017099999999999937e+02
9.379999999999999716e+01 0.000000000000000000e+00 -1.898999999999999844e+01 -3.435099999999999909e+02 -2.537000000000000099e+01 -7.717000000000000171e+01 -2.706200000000000045e+02 -4.322999999999999687e+01 -4.957999999999999829e+01 3.677000000000000313e+01
8.740000000000000568e+01 0.000000000000000000e+00 -4.057000000000000028e+01 2.755000000000000071e+01 -2.175000000000000000e+01 -5.868999999999999773e+01 -7.526999999999999602e+01 2.364399999999999977e+02 4.828000000000000114e+01 -1.944099999999999966e+02
-1.365099999999999909e+02 0.000000000000000000e+00 7.889999999999999680e+00 2.269900000000000091e+02 1.300000000000000000e+01 2.687799999999999727e+02 1.177000000000000028e+02 -2.036699999999999875e+02 5.135999999999999943e+01 5.578000000000000114e+01
-7.643000000000000682e+01 0.000000000000000000e+00 -2.091000000000000014e+01 -1.481599999999999966e+02 3.620000000000000107e+00 1.203799999999999955e+02 3.220000000000000284e+01 -4.233899999999999864e+02 -8.967000000000000171e+01 1.368700000000000045e+02
2.064499999999999886e+02 0.000000000000000000e+00 -2.809900000000000091e+02 -2.764300000000000068e+02 -5.660000000000000142e+00 -5.080500000000000114e+02 4.509000000000000341e+01 2.237800000000000011e+02 -4.092000000000000171e+01 -1.397500000000000000e+02
2.292000000000000171e+01 0.000000000000000000e+00 6.103000000000000114e+01 1.223599999999999994e+02 2.271000000000000085e+01 2.033999999999999986e+01 -4.564999999999999858e+01 1.384499999999999886e+02 1.227800000000000011e+02 2.139699999999999989e+02
-7.323000000000000398e+01 0.000000000000000000e+00 1.669799999999999898e+02 1.268900000000000006e+02 -1.364000000000000057e+01 5.157400000000000091e+02 9.090000000000000568e+01 1.633799999999999955e+02 3.392999999999999972e+01 2.739100000000000250e+02
-5.468999999999999773e+01 0.000000000000000000e+00 -7.495000000000000284e+01 -2.041500000000000057e+02 1.326999999999999957e+01 -2.631600000000000250e+02 1.631699999999999875e+02 1.896899999999999977e+02 4.510000000000000142e+01 -4.486899999999999977e+02
1.971999999999999886e+01 0.000000000000000000e+00 -2.404399999999999977e+02 -9.112999999999999545e+01 -1.994999999999999929e+01 1.822700000000000102e+02 -1.140100000000000051e+02 -1.826399999999999864e+02 -7.690999999999999659e+01 -2.781600000000000250e+02
8.059999999999999432e+01 0.000000000000000000e+00 -7.689000000000000057e+01 -5.135000000000000142e+01 1.059999999999999964e+01 -5.220299999999999727e+02 -7.349999999999999645e+00 -3.892099999999999795e+02 -2.767999999999999972e+01 7.070599999999999454e+02
-7.740000000000000213e+00 0.000000000000000000e+00 3.797999999999999687e+01 8.060000000000000497e+00 2.846999999999999886e+01 3.774900000000000091e+02 9.959000000000000341e+01 -4.375999999999999801e+01 6.629999999999999716e+01 -1.174399999999999977e+02
-3.402000000000000313e+01 0.000000000000000000e+00 4.736999999999999744e+01 1.343999999999999950e+01 -5.379999999999999893e+00 2.896299999999999955e+02 4.006000000000000227e+01 3.611200000000000045e+02 1.389999999999999902e+00 -4.856800000000000068e+02
-1.191500000000000057e+02 0.000000000000000000e+00 -2.661100000000000136e+02 -2.575899999999999750e+02 -1.209999999999999964e+00 -1.770999999999999943e+02 -2.145699999999999932e+02 2.443400000000000034e+02 -2.507999999999999829e+01 1.252300000000000040e+02
-5.860999999999999943e+01 0.000000000000000000e+00 -3.410000000000000142e+01 -1.192099999999999937e+02 -3.274000000000000199e+01 -7.770999999999999375e+01 -6.999999999999999556e-01 4.214000000000000057e+01 -2.085000000000000142e+01 2.259499999999999886e+02
1.768499999999999943e+02 0.000000000000000000e+00 1.762999999999999901e+01 -8.490000000000000568e+01 1.026999999999999957e+01 -2.560799999999999841e+02 2.487500000000000000e+02 -1.561399999999999864e+02 -5.300999999999999801e+01 -2.573700000000000045e+02
-2.635999999999999943e+01 0.000000000000000000e+00 4.689000000000000057e+01 -1.830800000000000125e+02 1.689000000000000057e+01 -2.426999999999999957e+01 -1.467400000000000091e+02 -3.263899999999999864e+02 2.539999999999999858e+01 -2.676800000000000068e+02
-7.953000000000000114e+01 0.000000000000000000e+00 1.191599999999999966e+02 -7.115999999999999659e+01 1.603999999999999915e+01 3.984200000000000159e+02 -2.918100000000000023e+02 -6.498000000000000398e+01 1.523000000000000043e+01 4.251700000000000159e+02
1.432299999999999898e+02 0.000000000000000000e+00 1.833999999999999986e+01 -1.732000000000000028e+01 1.428999999999999915e+01 6.277000000000000313e+01 9.164000000000000057e+01 2.160699999999999932e+02 7.919999999999999929e+00 5.197999999999999687e+01
8.079000000000000625e+01 0.000000000000000000e+00 3.029999999999999805e+00 -6.823999999999999488e+01 -9.949999999999999289e+00 3.788000000000000256e+01 3.655199999999999818e+02 3.156800000000000068e+02 -7.776000000000000512e+01 -2.619900000000000091e+02
-2.481800000000000068e+02 0.000000000000000000e+00 -3.534000000000000341e+01 -1.633199999999999932e+02 7.669999999999999929e+00 -4.735899999999999750e+02 -1.190900000000000034e+02 -4.316899999999999977e+02 7.359999999999999432e+01 8.012999999999999545e+01
-1.062300000000000040e+02 0.000000000000000000e+00 1.736299999999999955e+02 -1.710300000000000011e+02 8.150000000000000355e+00 2.295900000000000034e+02 -9.393000000000000682e+01 2.439999999999999858e+01 2.426999999999999957e+01 9.606000000000000227e+01
2.150000000000000000e+02 0.000000000000000000e+00 1.305200000000000102e+02 -1.644999999999999929e+01 2.046999999999999886e+01 3.539599999999999795e+02 1.592800000000000011e+02 1.279599999999999937e+02 -5.457999999999999829e+01 -1.645900000000000034e+02
1.034000000000000057e+02 0.000000000000000000e+00 4.420000000000000284e+01 -3.850999999999999801e+01 9.730000000000000426e+00 -3.417200000000000273e+02 2.586999999999999886e+02 9.601999999999999602e+01 7.715999999999999659e+01 6.465999999999999659e+01
-1.467800000000000011e+02 0.000000000000000000e+00 1.460900000000000034e+02 -2.219099999999999966e+02 4.871999999999999886e+01 -1.573000000000000043e+01 -7.437999999999999545e+01 4.394700000000000273e+02 -3.910000000000000142e+00 1.231899999999999977e+02
-3.385000000000000142e+01 0.000000000000000000e+00 1.482599999999999909e+02 -2.327800000000000011e+02 -7.570000000000000284e+00 4.944499999999999886e+02 -3.588399999999999750e+02 -2.665699999999999932e+02 -6.222999999999999687e+01 -4.668999999999999773e+01
7.509999999999999787e+00 0.000000000000000000e+00 2.507000000000000028e+01 -5.740000000000000213e+00 1.316999999999999993e+01 -4.371999999999999886e+02 3.011999999999999886e+02 -6.066499999999999773e+02 -3.575000000000000000e+01 -1.687999999999999901e+01
4.349999999999999645e+00 0.000000000000000000e+00 3.332000000000000028e+01 -2.160000000000000142e+00 8.429999999999999716e+00 -1.168700000000000045e+02 1.450200000000000102e+02 2.646000000000000227e+02 7.710999999999999943e+01 -7.946999999999999886e+01
-2.044000000000000128e+01 0.000000000000000000e+00 2.141599999999999966e+02 -2.550999999999999943e+02 1.901999999999999957e+01 3.798199999999999932e+02 -2.711800000000000068e+02 1.731200000000000045e+02 -4.724000000000000199e+01 -3.026000000000000156e+01
3.518999999999999773e+01 0.000000000000000000e+00 5.378000000000000114e+01 -1.597199999999999989e+02 -7.000000000000000000e+00 1.350500000000000114e+02 5.593999999999999773e+01 3.131000000000000227e+02 -3.804999999999999716e+01 6.993000000000000682e+01
3.430000000000000160e+00 0.000000000000000000e+00 1.435699999999999932e+02 1.799999999999999933e-01 9.490000000000000213e+00 -6.589900000000000091e+02 -2.035000000000000142e+01 -4.056299999999999955e+02 3.767000000000000171e+01 -3.738000000000000256e+01
-1.015799999999999983e+02 0.000000000000000000e+00 1.508499999999999943e+02 -5.829999999999999716e+01 7.349999999999999645e+00 2.337100000000000080e+02 5.396999999999999886e+01 -2.367700000000000102e+02 -3.246000000000000085e+01 6.529999999999999716e+01
9.959000000000000341e+01 0.000000000000000000e+00 7.998000000000000398e+01 -1.436999999999999886e+02 1.980999999999999872e+01 7.520399999999999636e+02 1.336599999999999966e+02 4.102699999999999818e+02 2.707999999999999829e+01 1.045300000000000011e+02
1.270199999999999960e+02 0.000000000000000000e+00 -2.180999999999999872e+01 -1.359000000000000057e+02 -4.459999999999999964e+00 -3.868299999999999841e+02 -2.240399999999999920e+02 3.112000000000000099e+01 9.100000000000000311e-01 2.205000000000000071e+01
-8.450000000000000000e+01 0.000000000000000000e+00 3.465999999999999659e+01 8.278000000000000114e+01 -2.859999999999999876e+00 -4.808100000000000023e+02 1.803300000000000125e+02 -4.808100000000000023e+02 -4.536999999999999744e+01 -2.491800000000000068e+02
-4.640999999999999659e+01 0.000000000000000000e+00 8.012999999999999545e+01 1.967999999999999972e+01 2.376000000000000156e+01 3.401100000000000136e+02 -7.481000000000000227e+01 7.181999999999999318e+01 4.729999999999999716e+01 -1.534099999999999966e+02
-7.785999999999999943e+01 0.000000000000000000e+00 1.409799999999999898e+02 -1.621299999999999955e+02 4.410000000000000142e+00 4.521000000000000227e+02 -5.115999999999999659e+01 3.143799999999999955e+02 -9.820000000000000284e+00 3.447799999999999727e+02
9.078000000000000114e+01 0.000000000000000000e+00 1.219899999999999949e+02 4.509999999999999787e+00 -1.729999999999999982e+00 -2.748399999999999750e+02 -6.718999999999999773e+01 -9.990000000000000568e+01 -2.914000000000000057e+01 3.096999999999999886e+01
-1.416999999999999993e+01 0.000000000000000000e+00 4.457000000000000028e+01 -5.063000000000000256e+01 5.389999999999999680e+00 -3.330299999999999727e+02 3.171299999999999955e+02 -5.671999999999999886e+01 -6.751000000000000512e+01 -1.715900000000000034e+02
4.163000000000000256e+01 0.000000000000000000e+00 1.969999999999999929e+01 -2.482000000000000028e+01 4.610000000000000320e+00 1.448000000000000114e+02 -4.296999999999999886e+01 -7.023000000000000398e+01 1.373899999999999864e+02 1.577199999999999989e+02
-6.375999999999999801e+01 0.000000000000000000e+00 3.436999999999999744e+01 -5.599999999999999645e+00 3.789999999999999858e+01 1.840900000000000034e+02 -2.864999999999999858e+01 2.286299999999999955e+02 -1.599000000000000021e+01 5.404999999999999716e+01
4.721999999999999886e+01 0.000000000000000000e+00 5.129999999999999716e+01 1.793600000000000136e+02 -2.078999999999999915e+01 -1.603700000000000045e+02 -1.533499999999999943e+02 1.048799999999999955e+02 -6.781999999999999318e+01 -2.336999999999999886e+02
7.082999999999999829e+01 0.000000000000000000e+00 1.375000000000000000e+01 3.375000000000000000e+01 2.910000000000000142e+00 -4.967999999999999972e+01 -1.695900000000000034e+02 -3.508100000000000023e+02 -1.026099999999999994e+02 1.315000000000000036e+01
-1.294999999999999929e+01 0.000000000000000000e+00 1.379300000000000068e+02 -6.047999999999999687e+01 1.258000000000000007e+01 1.451500000000000057e+02 4.532999999999999829e+01 -1.760500000000000114e+02 1.191899999999999977e+02 3.407999999999999829e+01
-6.410000000000000142e+00 0.000000000000000000e+00 8.273000000000000398e+01 -5.571000000000000085e+01 2.814999999999999858e+01 3.319499999999999886e+02 2.689200000000000159e+02 2.386100000000000136e+02 1.132399999999999949e+02 1.472500000000000000e+02
-1.469699999999999989e+02 0.000000000000000000e+00 -9.051000000000000512e+01 1.587100000000000080e+02 -4.400000000000000355e+00 -1.066200000000000045e+02 5.217000000000000171e+01 1.234399999999999977e+02 -6.050999999999999801e+01 1.651000000000000156e+01
1.408000000000000007e+01 0.000000000000000000e+00 -1.646999999999999886e+01 2.050800000000000125e+02 2.478000000000000114e+01 -3.930099999999999909e+02 -1.873700000000000045e+02 -2.769000000000000128e+01 -1.103900000000000006e+02 -3.282999999999999829e+01
1.940999999999999943e+02 0.000000000000000000e+00 1.570999999999999943e+02 5.919999999999999929e+00 6.540000000000000036e+00 1.598300000000000125e+02 -2.275300000000000011e+02 2.442899999999999920e+02 1.680200000000000102e+02 -1.706899999999999977e+02
-5.504999999999999716e+01 0.000000000000000000e+00 -9.895000000000000284e+01 7.415999999999999659e+01 7.759999999999999787e+00 6.157000000000000028e+01 4.022999999999999687e+01 -2.583799999999999955e+02 -6.200000000000000178e+00 -1.716699999999999875e+02
-3.982000000000000028e+01 0.000000000000000000e+00 -1.424499999999999886e+02 1.015199999999999960e+02 5.650000000000000355e+00 1.089300000000000068e+02 3.178799999999999955e+02 -1.610800000000000125e+02 -1.529000000000000057e+02 2.856299999999999955e+02
6.660999999999999943e+01 0.000000000000000000e+00 1.336200000000000045e+02 3.954999999999999716e+01 -2.201000000000000156e+01 -1.000499999999999972e+02 -2.692599999999999909e+02 1.178799999999999955e+02 1.465000000000000036e+01 1.728799999999999955e+02
-1.984099999999999966e+02 0.000000000000000000e+00 -3.346000000000000085e+01 2.106599999999999966e+02 5.435999999999999943e+01 -1.871699999999999875e+02 -1.778300000000000125e+02 -3.258700000000000045e+02 8.071999999999999886e+01 -1.856200000000000045e+02
-3.300000000000000155e-01 0.000000000000000000e+00 -1.513300000000000125e+02 -4.059000000000000341e+01 -5.899999999999999689e-01 -5.047999999999999687e+01 3.820000000000000284e+01 4.665600000000000023e+02 1.270000000000000018e+00 -1.112399999999999949e+02
2.487100000000000080e+02 0.000000000000000000e+00 -5.175000000000000000e+01 1.270600000000000023e+02 -2.891000000000000014e+01 1.807899999999999920e+02 5.538999999999999773e+02 2.536999999999999886e+02 1.461999999999999922e+01 2.739999999999999858e+01
1.191999999999999993e+01 0.000000000000000000e+00 1.709999999999999964e+00 2.021299999999999955e+02 7.437999999999999545e+01 -1.330699999999999932e+02 -2.234499999999999886e+02 2.419999999999999929e+01 -7.150000000000000355e+00 2.655999999999999872e+01
-1.872400000000000091e+02 0.000000000000000000e+00 1.371399999999999864e+02 1.119800000000000040e+02 -9.119999999999999218e+00 6.347999999999999687e+01 -3.461999999999999886e+02 -6.235599999999999454e+02 -9.487999999999999545e+01 8.201999999999999602e+01
3.792000000000000171e+01 0.000000000000000000e+00 -2.213000000000000114e+02 -2.104900000000000091e+02 4.202000000000000313e+01 3.772999999999999687e+01 -1.265300000000000011e+02 -1.375999999999999979e+01 -6.352000000000000313e+01 -6.942000000000000171e+01
-9.956000000000000227e+01 0.000000000000000000e+00 6.236999999999999744e+01 1.556899999999999977e+02 -3.350000000000000089e+00 -2.763899999999999864e+02 4.618399999999999750e+02 2.036299999999999955e+02 4.317000000000000171e+01 -1.441999999999999993e+01
-4.269999999999999574e+00 0.000000000000000000e+00 1.055699999999999932e+02 1.150999999999999943e+02 -6.150000000000000355e+00 2.461899999999999977e+02 2.052599999999999909e+02 1.401100000000000136e+02 2.430000000000000071e+01 2.040699999999999932e+02
7.276999999999999602e+01 0.000000000000000000e+00 1.550999999999999979e+01 1.075199999999999960e+02 2.737999999999999901e+01 -2.142899999999999920e+02 -3.323999999999999773e+02 1.895000000000000000e+02 1.345600000000000023e+02 -1.158400000000000034e+02
1.127000000000000028e+02 0.000000000000000000e+00 1.556500000000000057e+02 3.996000000000000085e+01 9.789999999999999147e+00 1.816800000000000068e+02 -7.792000000000000171e+01 -3.209200000000000159e+02 -2.628999999999999915e+01 -8.904999999999999716e+01
-6.028000000000000114e+01 0.000000000000000000e+00 3.954999999999999716e+01 4.047999999999999687e+01 -2.669999999999999929e+00 2.749900000000000091e+02 2.000000000000000111e-01 1.404099999999999966e+02 -7.342000000000000171e+01 -4.153999999999999915e+01
-3.347999999999999687e+01 0.000000000000000000e+00 -5.799000000000000199e+01 6.013000000000000256e+01 2.123999999999999844e+01 -2.011100000000000136e+02 -1.368100000000000023e+02 3.157799999999999727e+02 -8.037000000000000455e+01 -2.023199999999999932e+02
-1.573600000000000136e+02 0.000000000000000000e+00 7.235999999999999943e+01 -1.050400000000000063e+02 8.470000000000000639e+00 -5.880000000000000000e+02 2.324199999999999875e+02 -3.551899999999999977e+02 1.494900000000000091e+02 2.627599999999999909e+02
1.721500000000000057e+02 0.000000000000000000e+00 1.369799999999999898e+02 -4.421000000000000085e+01 2.553999999999999915e+01 6.418000000000000682e+01 -1.989999999999999991e+00 -5.810800000000000409e+02 -9.614000000000000057e+01 2.718100000000000023e+02
9.909000000000000341e+01 0.000000000000000000e+00 1.542800000000000011e+02 5.274000000000000199e+01 -5.940000000000000391e+00 1.672199999999999989e+02 -1.083599999999999994e+02 5.521000000000000227e+02 1.050400000000000063e+02 -2.188300000000000125e+02
-1.284099999999999966e+02 0.000000000000000000e+00 6.224000000000000199e+01 1.361599999999999966e+02 -9.699999999999999289e+00 2.117700000000000102e+02 -8.871999999999999886e+01 6.811799999999999500e+02 2.308999999999999986e+01 -2.418000000000000114e+02
-6.756000000000000227e+01 0.000000000000000000e+00 6.915000000000000568e+01 1.306399999999999864e+02 -2.129999999999999893e+00 2.058799999999999955e+02 1.715000000000000000e+02 -4.132200000000000273e+02 1.860000000000000098e+00 6.784000000000000341e+01
5.938000000000000256e+01 0.000000000000000000e+00 -2.187000000000000099e+01 -8.553000000000000114e+01 3.299000000000000199e+01 -2.895500000000000114e+02 -3.209000000000000341e+01 -5.480299999999999727e+02 -3.603999999999999915e+01 -4.769999999999999574e+00
6.257000000000000028e+01 0.000000000000000000e+00 4.799999999999999822e+00 -1.263000000000000078e+01 2.180000000000000071e+01 -4.766499999999999773e+02 -1.066299999999999955e+02 -1.010000000000000009e+00 -4.835000000000000142e+01 2.209699999999999989e+02
-6.893999999999999773e+01 0.000000000000000000e+00 2.215000000000000000e+02 1.314900000000000091e+02 3.700000000000000178e+00 2.206399999999999864e+02 9.148000000000000398e+01 4.106800000000000068e+02 1.440000000000000036e+01 -8.656999999999999318e+01
2.203999999999999915e+01 0.000000000000000000e+00 5.871000000000000085e+01 -3.509000000000000341e+01 6.400000000000000355e+00 2.498799999999999955e+02 3.660000000000000142e+01 -2.031899999999999977e+02 -1.202999999999999972e+02 -1.215600000000000023e+02
-1.739000000000000057e+01 0.000000000000000000e+00 -8.571999999999999886e+01 1.083199999999999932e+02 1.780999999999999872e+01 -8.995999999999999375e+01 8.682999999999999829e+01 -1.326999999999999957e+01 1.075100000000000051e+02 1.121000000000000085e+01
-1.038299999999999983e+02 0.000000000000000000e+00 -7.295999999999999375e+01 1.536899999999999977e+02 1.141999999999999993e+01 1.466699999999999875e+02 -1.961800000000000068e+02 4.556700000000000159e+02 1.399699999999999989e+02 -1.919999999999999929e+00
3.009999999999999787e+00 0.000000000000000000e+00 1.625300000000000011e+02 2.355399999999999920e+02 4.139999999999999680e+00 -2.759499999999999886e+02 -1.034200000000000017e+02 -1.304499999999999886e+02 -7.893999999999999773e+01 -1.086299999999999955e+02
9.314000000000000057e+01 0.000000000000000000e+00 2.830000000000000071e+00 1.531200000000000045e+02 1.101999999999999957e+01 -2.325500000000000114e+02 3.373000000000000114e+02 -4.390400000000000205e+02 -6.324000000000000199e+01 -9.568000000000000682e+01
1.689000000000000057e+01 0.000000000000000000e+00 1.375000000000000000e+01 -9.962999999999999545e+01 3.424000000000000199e+01 1.023100000000000023e+02 -2.164699999999999989e+02 -3.975000000000000000e+02 -1.506000000000000050e+01 3.970600000000000023e+02
4.782000000000000028e+01 0.000000000000000000e+00 -4.756000000000000227e+01 -7.820999999999999375e+01 2.432999999999999829e+01 4.696999999999999886e+02 -3.943199999999999932e+02 5.908999999999999773e+02 -3.318999999999999773e+01 2.908999999999999986e+01
8.576000000000000512e+01 0.000000000000000000e+00 8.037999999999999545e+01 7.656000000000000227e+01 7.700000000000000178e+00 -1.137399999999999949e+02 5.008199999999999932e+02 2.807200000000000273e+02 -1.263000000000000078e+01 -3.675500000000000114e+02
-8.673000000000000398e+01 0.000000000000000000e+00 -1.033000000000000007e+01 1.795699999999999932e+02 1.787999999999999901e+01 -5.026100000000000136e+02 1.192999999999999972e+01 -3.812699999999999818e+02 2.134600000000000080e+02 -2.753100000000000023e+02
-1.364499999999999886e+02 0.000000000000000000e+00 -1.747400000000000091e+02 1.193700000000000045e+02 2.582000000000000028e+01 5.265800000000000409e+02 -3.789200000000000159e+02 1.603899999999999864e+02 -7.684000000000000341e+01 4.563000000000000114e+02
1.445200000000000102e+02 0.000000000000000000e+00 -5.615999999999999659e+01 -9.096999999999999886e+01 -8.640000000000000568e+00 5.354900000000000091e+02 6.167000000000000171e+01 -1.016700000000000017e+02 -5.561999999999999744e+01 1.730500000000000114e+02
8.281999999999999318e+01 0.000000000000000000e+00 1.066899999999999977e+02 -1.161599999999999966e+02 1.885999999999999943e+01 -9.158799999999999955e+02 7.481000000000000227e+01 -2.489199999999999875e+02 -3.271999999999999886e+01 -4.222400000000000091e+02
-2.194600000000000080e+02 0.000000000000000000e+00 -6.188000000000000256e+01 -1.246599999999999966e+02 3.807000000000000028e+01 -2.432000000000000028e+01 3.990999999999999659e+01 -8.859999999999999432e+01 2.719999999999999929e+01 7.640000000000000568e+01
-5.277000000000000313e+01 0.000000000000000000e+00 -1.894000000000000057e+02 -2.177199999999999989e+02 1.125000000000000000e+01 5.081499999999999773e+02 -2.466200000000000045e+02 6.948000000000000398e+01 -5.600000000000000533e-01 2.535300000000000011e+02
1.649399999999999977e+02 0.000000000000000000e+00 -1.721999999999999886e+02 -1.485999999999999943e+02 -3.960000000000000142e+01 2.444399999999999977e+02 2.918399999999999750e+02 7.483899999999999864e+02 -4.479999999999999716e+01 -2.110399999999999920e+02
8.484000000000000341e+01 0.000000000000000000e+00 1.330200000000000102e+02 -2.560000000000000142e+01 3.753000000000000114e+01 -1.967400000000000091e+02 6.252000000000000313e+01 -1.446200000000000045e+02 -4.339999999999999858e+00 -2.901600000000000250e+02
-1.524300000000000068e+02 0.000000000000000000e+00 -1.326299999999999955e+02 -2.297500000000000000e+02 4.870000000000000107e+00 -5.519800000000000182e+02 -3.832099999999999795e+02 -5.825900000000000318e+02 3.910000000000000142e+00 3.648799999999999955e+02
-7.995000000000000284e+01 0.000000000000000000e+00 -1.114500000000000028e+02 -2.436500000000000057e+02 -1.791000000000000014e+01 3.842400000000000091e+02 4.654999999999999716e+01 7.876000000000000512e+01 4.760999999999999943e+01 8.596999999999999886e+01
1.783600000000000136e+02 0.000000000000000000e+00 8.850000000000000000e+01 -3.438899999999999864e+02 3.524000000000000199e+01 6.670000000000000284e+01 -1.438000000000000078e+01 -2.827799999999999727e+02 -1.560000000000000053e+00 -4.728000000000000114e+01
-3.160000000000000142e+00 0.000000000000000000e+00 -6.500000000000000000e+00 -1.983499999999999943e+02 3.742999999999999972e+01 -7.632999999999999829e+01 -1.322500000000000000e+02 2.035399999999999920e+02 7.262000000000000455e+01 -2.263600000000000136e+02
5.219999999999999751e+00 0.000000000000000000e+00 -6.718000000000000682e+01 -1.082399999999999949e+02 -2.099999999999999922e-01 9.145000000000000284e+01 2.301500000000000057e+02 7.377699999999999818e+02 -9.843000000000000682e+01 -5.809000000000000341e+01
7.239000000000000057e+01 0.000000000000000000e+00 -3.067999999999999972e+01 -2.428899999999999864e+02 4.160000000000000142e+00 1.860999999999999943e+02 7.339000000000000057e+01 -3.574100000000000250e+02 -3.650999999999999801e+01 3.879999999999999893e+00
3.189999999999999947e+00 0.000000000000000000e+00 -1.788300000000000125e+02 -2.414099999999999966e+02 4.599999999999999645e+00 -4.070000000000000284e+00 -2.292599999999999909e+02 -5.834500000000000455e+02 1.218900000000000006e+02 3.593500000000000227e+02
-1.859699999999999989e+02 0.000000000000000000e+00 7.518999999999999773e+01 -2.104300000000000068e+02 2.794000000000000128e+01 -2.845000000000000000e+02 -3.645799999999999841e+02 3.694599999999999795e+02 1.757000000000000028e+01 -1.724799999999999898e+02
1.216599999999999966e+02 0.000000000000000000e+00 2.026999999999999886e+02 -7.053000000000000114e+01 1.692000000000000171e+01 -2.048600000000000136e+02 3.494599999999999795e+02 1.619799999999999898e+02 -7.509999999999999432e+01 -3.262900000000000205e+02
7.064000000000000057e+01 0.000000000000000000e+00 -9.429000000000000625e+01 -2.191899999999999977e+02 1.481000000000000050e+01 1.944000000000000057e+02 1.962299999999999898e+02 -1.461699999999999875e+02 7.440000000000000391e+00 1.643199999999999932e+02
-3.999000000000000199e+01 0.000000000000000000e+00 -2.267599999999999909e+02 -1.304000000000000057e+02 1.125999999999999979e+01 2.167199999999999989e+02 -2.935199999999999818e+02 1.032500000000000000e+02 -2.230000000000000071e+01 3.505500000000000114e+02
-9.429999999999999716e+01 0.000000000000000000e+00 1.132600000000000051e+02 -4.324000000000000199e+01 4.207999999999999829e+01 -2.958000000000000114e+02 4.135999999999999943e+01 3.011600000000000250e+02 1.191599999999999966e+02 -3.190299999999999727e+02
7.410000000000000142e+00 0.000000000000000000e+00 -7.849999999999999645e+00 1.270000000000000018e+00 9.599999999999999645e+00 2.861999999999999886e+02 5.344500000000000455e+02 -3.721899999999999977e+02 -7.320999999999999375e+01 -7.528000000000000114e+01
1.586800000000000068e+02 0.000000000000000000e+00 -4.820000000000000284e+00 -2.703399999999999750e+02 -1.642999999999999972e+01 2.209499999999999886e+02 -4.007699999999999818e+02 5.800000000000000000e+01 -2.178999999999999915e+01 1.873899999999999864e+02
-1.762999999999999901e+01 0.000000000000000000e+00 -9.880000000000000782e+00 -5.636999999999999744e+01 3.422999999999999687e+01 -5.291599999999999682e+02 -4.744900000000000091e+02 -9.160999999999999943e+01 6.295000000000000284e+01 -6.197999999999999687e+01
-1.929399999999999977e+02 0.000000000000000000e+00 -1.491999999999999886e+02 9.090999999999999659e+01 2.294999999999999929e+01 2.778000000000000114e+01 4.166899999999999977e+02 1.593999999999999950e+01 3.663000000000000256e+01 -2.062800000000000011e+02
8.201000000000000512e+01 0.000000000000000000e+00 1.609000000000000057e+02 -9.398999999999999488e+01 4.878999999999999915e+01 2.816100000000000136e+02 3.961999999999999744e+01 -3.290000000000000036e+00 -5.961999999999999744e+01 -9.137999999999999545e+01
1.578499999999999943e+02 0.000000000000000000e+00 -7.759999999999999432e+01 8.929999999999999716e+00 3.489000000000000057e+01 -7.932999999999999829e+01 1.080000000000000071e+01 -3.206000000000000227e+01 -7.243000000000000682e+01 3.410099999999999909e+02
-9.353000000000000114e+01 0.000000000000000000e+00 -7.670000000000000284e+01 4.990000000000000213e+00 1.230000000000000071e+01 3.156299999999999955e+02 2.044999999999999929e+01 1.143999999999999950e+01 1.891100000000000136e+02 1.276599999999999966e+02
-1.381999999999999886e+02 0.000000000000000000e+00 3.096000000000000085e+01 2.235000000000000142e+01 3.338000000000000256e+01 8.492000000000000171e+01 2.871000000000000085e+01 1.008799999999999955e+02 -6.171999999999999886e+01 -2.134699999999999989e+02
6.562000000000000455e+01 0.000000000000000000e+00 1.347000000000000064e+01 7.810999999999999943e+01 2.898000000000000043e+01 -5.753700000000000045e+02 -1.390699999999999932e+02 -3.112200000000000273e+02 2.414999999999999858e+01 -6.809000000000000341e+01
7.195000000000000284e+01 0.000000000000000000e+00 -1.501999999999999886e+02 -4.817999999999999972e+01 8.019999999999999574e+00 -1.746399999999999864e+02 1.044999999999999929e+01 3.269900000000000091e+02 -4.677000000000000313e+01 -1.241500000000000057e+02
4.799999999999999822e+00 0.000000000000000000e+00 4.832999999999999829e+01 4.985000000000000142e+01 7.809999999999999609e+00 5.739299999999999500e+02 -2.160000000000000142e+01 1.529199999999999875e+02 7.068999999999999773e+01 2.682000000000000028e+01
-9.381000000000000227e+01 0.000000000000000000e+00 6.851999999999999602e+01 1.383199999999999932e+02 3.867000000000000171e+01 3.011399999999999864e+02 1.577700000000000102e+02 -3.522799999999999727e+02 -9.009999999999999787e+00 1.589699999999999989e+02
-3.954999999999999716e+01 0.000000000000000000e+00 -1.446500000000000057e+02 -4.589000000000000057e+01 4.399000000000000199e+01 -6.654500000000000455e+02 3.233600000000000136e+02 -2.931200000000000045e+02 -5.817000000000000171e+01 1.008199999999999932e+02
9.226000000000000512e+01 0.000000000000000000e+00 -7.475000000000000000e+01 -8.875000000000000000e+01 3.042999999999999972e+01 -5.353000000000000114e+01 -1.863000000000000114e+02 5.191299999999999955e+02 5.153999999999999915e+01 -5.417000000000000171e+01
5.452000000000000313e+01 0.000000000000000000e+00 2.494999999999999929e+01 -1.132000000000000028e+01 2.060999999999999943e+01 4.091200000000000045e+02 -4.580500000000000114e+02 1.022199999999999989e+02 4.135000000000000142e+01 -2.295300000000000011e+02
-6.818999999999999773e+01 0.000000000000000000e+00 1.283899999999999864e+02 9.390000000000000568e+01 -3.720000000000000195e+00 1.207600000000000051e+02 3.100600000000000023e+02 -4.297999999999999687e+01 1.248700000000000045e+02 6.757999999999999829e+01
-1.214500000000000028e+02 0.000000000000000000e+00 -9.015000000000000568e+01 5.172999999999999687e+01 1.785999999999999943e+01 -3.566299999999999955e+02 1.374600000000000080e+02 -1.918000000000000114e+02 -1.345500000000000114e+02 1.027600000000000051e+02
5.325000000000000000e+01 0.000000000000000000e+00 -1.961299999999999955e+02 -1.233000000000000007e+01 3.082999999999999829e+01 6.981000000000000227e+01 -1.341999999999999886e+02 -5.790999999999999659e+01 -6.471999999999999886e+01 -1.868899999999999864e+02
1.245100000000000051e+02 0.000000000000000000e+00 5.300000000000000266e-01 -8.915000000000000568e+01 1.603000000000000114e+01 4.908600000000000136e+02 -1.889900000000000091e+02 -2.033400000000000034e+02 5.299000000000000199e+01 -1.597000000000000064e+01
1.644000000000000128e+01 0.000000000000000000e+00 1.020000000000000018e+00 4.221999999999999886e+01 2.601999999999999957e+01 -2.935000000000000000e+02 6.092000000000000171e+01 1.020600000000000023e+02 5.614000000000000057e+01 2.512800000000000011e+02
-1.804699999999999989e+02 0.000000000000000000e+00 -4.754999999999999716e+01 1.012800000000000011e+02 1.912999999999999901e+01 -2.324900000000000091e+02 1.536800000000000068e+02 5.142300000000000182e+02 -8.937999999999999545e+01 -8.793999999999999773e+01
-1.564799999999999898e+02 0.000000000000000000e+00 -1.119000000000000057e+02 2.075000000000000000e+01 1.650000000000000000e+01 -1.197500000000000000e+02 -1.893499999999999943e+02 -2.155000000000000000e+02 3.535000000000000142e+01 -1.935699999999999932e+02
8.698999999999999488e+01 0.000000000000000000e+00 -5.293999999999999773e+01 2.057000000000000028e+01 4.317000000000000171e+01 9.862000000000000455e+01 -1.325099999999999909e+02 -5.200399999999999636e+02 6.321999999999999886e+01 1.792700000000000102e+02
1.071500000000000057e+02 0.000000000000000000e+00 7.010999999999999943e+01 1.494900000000000091e+02 4.330000000000000071e+00 3.995000000000000000e+02 2.802500000000000000e+02 2.856399999999999864e+02 -9.798000000000000398e+01 5.839000000000000057e+01
1.216599999999999966e+02 0.000000000000000000e+00 -1.633799999999999955e+02 7.845000000000000284e+01 4.339999999999999858e+00 -2.979999999999999982e+00 -1.101299999999999955e+02 4.888999999999999773e+02 9.098000000000000398e+01 -1.824300000000000068e+02
2.490000000000000213e+00 0.000000000000000000e+00 -1.421699999999999875e+02 7.609999999999999432e+01 5.059000000000000341e+01 -1.371699999999999875e+02 1.051299999999999955e+02 -3.290199999999999818e+02 8.130000000000000782e+00 2.298999999999999844e+01
-5.125000000000000000e+01 0.000000000000000000e+00 4.656000000000000227e+01 -2.157000000000000028e+01 1.558999999999999986e+01 -3.311299999999999955e+02 5.303999999999999915e+01 -1.587100000000000080e+02 -1.627800000000000011e+02 1.910600000000000023e+02
-1.384199999999999875e+02 0.000000000000000000e+00 2.203999999999999915e+01 -3.209999999999999964e+00 1.887999999999999901e+01 3.210000000000000142e+01 -1.706399999999999864e+02 3.766100000000000136e+02 1.434900000000000091e+02 2.692999999999999972e+01
-7.048000000000000398e+01 0.000000000000000000e+00 -9.150000000000000000e+01 1.126800000000000068e+02 2.021999999999999886e+01 3.433500000000000227e+02 -3.467000000000000171e+01 -1.654600000000000080e+02 2.996999999999999886e+01 -5.720000000000000284e+01
1.620000000000000000e+02 0.000000000000000000e+00 -4.074000000000000199e+01 1.542199999999999989e+02 3.917000000000000171e+01 1.784099999999999966e+02 1.987599999999999909e+02 -1.825699999999999932e+02 -1.860000000000000142e+01 -1.356999999999999886e+02
6.693000000000000682e+01 0.000000000000000000e+00 -1.523000000000000043e+01 -1.619000000000000128e+01 6.400000000000000355e+00 -1.404499999999999886e+02 -2.942000000000000171e+01 -1.612999999999999901e+01 -4.964999999999999858e+01 1.737000000000000099e+01
-3.463000000000000256e+01 0.000000000000000000e+00 -2.266599999999999966e+02 -1.276700000000000017e+02 2.999999999999999889e-02 2.961299999999999955e+02 3.229999999999999716e+01 2.285099999999999909e+02 -5.935000000000000142e+01 5.213000000000000256e+01
-1.500999999999999979e+01 0.000000000000000000e+00 -2.569700000000000273e+02 -2.055999999999999872e+01 2.880000000000000071e+01 -8.040999999999999659e+01 1.260900000000000034e+02 -9.976999999999999602e+01 7.604000000000000625e+01 2.067000000000000171e+01
9.037999999999999545e+01 0.000000000000000000e+00 1.346500000000000057e+02 6.743999999999999773e+01 2.387000000000000099e+01 -4.113899999999999864e+02 -1.980999999999999943e+02 -3.134599999999999795e+02 -7.996999999999999886e+01 -1.845699999999999932e+02
-2.072500000000000000e+02 0.000000000000000000e+00 -2.558999999999999986e+01 3.374000000000000199e+01 1.419999999999999929e+01 -1.198100000000000023e+02 -7.579000000000000625e+01 1.424699999999999989e+02 -3.285999999999999943e+01 1.593100000000000023e+02
-1.266700000000000017e+02 0.000000000000000000e+00 -8.598999999999999488e+01 3.634000000000000341e+01 4.193999999999999773e+01 5.750900000000000318e+02 3.663299999999999841e+02 2.334900000000000091e+02 4.789999999999999858e+01 2.523000000000000043e+01
4.327000000000000313e+01 0.000000000000000000e+00 -2.008300000000000125e+02 -2.153000000000000114e+01 6.669999999999999929e+00 -1.851200000000000045e+02 2.114000000000000057e+01 1.977700000000000102e+02 -7.509999999999999787e+00 7.670999999999999375e+01
3.200799999999999841e+02 0.000000000000000000e+00 -1.749499999999999886e+02 1.508300000000000125e+02 4.117000000000000171e+01 -1.058000000000000007e+01 -1.561699999999999875e+02 -3.145400000000000205e+02 -7.315999999999999659e+01 -2.209399999999999977e+02
-1.314000000000000057e+01 0.000000000000000000e+00 -1.451299999999999955e+02 1.406599999999999966e+02 2.244999999999999929e+01 -1.324000000000000021e+01 -2.059399999999999977e+02 -2.342500000000000000e+02 -3.221999999999999886e+01 7.046999999999999886e+01
-4.517000000000000171e+01 0.000000000000000000e+00 9.357999999999999829e+01 -3.135000000000000142e+01 3.359000000000000341e+01 -1.576599999999999966e+02 6.437999999999999545e+01 3.053000000000000114e+01 -2.239000000000000057e+01 2.910600000000000023e+02
-5.182999999999999829e+01 0.000000000000000000e+00 -7.668999999999999773e+01 3.025000000000000000e+01 7.250000000000000000e+00 4.339000000000000057e+01 3.695500000000000114e+02 3.417699999999999818e+02 1.470399999999999920e+02 -3.318000000000000114e+02
-7.245999999999999375e+01 0.000000000000000000e+00 2.073000000000000043e+01 1.372800000000000011e+02 4.468999999999999773e+01 1.508000000000000114e+02 -2.247599999999999909e+02 8.920999999999999375e+01 -1.164000000000000057e+01 8.720999999999999375e+01
-1.360699999999999932e+02 0.000000000000000000e+00 -2.214999999999999858e+01 6.978000000000000114e+01 4.729999999999999716e+01 -1.452599999999999909e+02 -5.465999999999999659e+01 -1.969999999999999973e+00 -6.439000000000000057e+01 8.623000000000000398e+01
2.241100000000000136e+02 0.000000000000000000e+00 -3.020699999999999932e+02 -9.054000000000000625e+01 1.171000000000000085e+01 5.230099999999999909e+02 1.756299999999999955e+02 -3.001999999999999886e+02 -3.148000000000000043e+01 1.791399999999999864e+02
2.196999999999999886e+01 0.000000000000000000e+00 -1.843199999999999932e+02 -3.588000000000000256e+01 2.175000000000000000e+01 -3.618399999999999750e+02 -5.190000000000000391e+00 -2.530200000000000102e+02 -7.496999999999999886e+01 -1.884199999999999875e+02
2.210999999999999943e+01 0.000000000000000000e+00 2.926000000000000156e+01 -3.814999999999999858e+01 3.782999999999999829e+01 -1.746100000000000136e+02 -1.238000000000000078e+01 2.137299999999999898e+02 1.831200000000000045e+02 1.050300000000000011e+02
-6.282999999999999829e+01 0.000000000000000000e+00 4.725000000000000000e+01 1.397400000000000091e+02 3.625999999999999801e+01 6.207999999999999829e+01 6.421999999999999886e+01 1.174699999999999989e+02 -3.499000000000000199e+01 7.251999999999999602e+01
2.307000000000000028e+01 0.000000000000000000e+00 7.840999999999999659e+01 -1.966000000000000014e+01 2.646000000000000085e+01 5.344700000000000273e+02 1.769999999999999929e+01 6.867000000000000171e+01 -6.419999999999999929e+00 -3.305899999999999750e+02
-2.276100000000000136e+02 0.000000000000000000e+00 -1.011500000000000057e+02 -9.709999999999999432e+01 5.899999999999999689e-01 -3.180299999999999727e+02 -2.783199999999999932e+02 6.957999999999999829e+01 -2.201999999999999957e+01 -7.519999999999999574e+00
1.024699999999999989e+02 0.000000000000000000e+00 -2.018700000000000045e+02 -8.740999999999999659e+01 2.130000000000000071e+01 -3.748799999999999955e+02 -1.146000000000000085e+01 1.018700000000000045e+02 -7.065999999999999659e+01 1.854099999999999966e+02
8.365000000000000568e+01 0.000000000000000000e+00 -5.988000000000000256e+01 -8.962000000000000455e+01 4.471999999999999886e+01 3.231200000000000045e+02 1.921800000000000068e+02 -1.807700000000000102e+02 2.673000000000000043e+01 1.875000000000000000e+02
-9.268000000000000682e+01 0.000000000000000000e+00 2.326999999999999957e+01 -6.186999999999999744e+01 3.895000000000000284e+01 -6.163000000000000256e+01 4.200000000000000000e+01 -3.221399999999999864e+02 1.059999999999999964e+01 -5.975999999999999801e+01
1.605200000000000102e+02 0.000000000000000000e+00 5.530000000000000249e+00 2.667999999999999972e+01 9.759999999999999787e+00 -4.185000000000000142e+01 -1.260600000000000023e+02 7.222899999999999636e+02 1.086999999999999922e+01 -6.590000000000000568e+01
6.629999999999999716e+01 0.000000000000000000e+00 1.423300000000000125e+02 -1.015699999999999932e+02 3.759000000000000341e+01 2.170399999999999920e+02 -1.835000000000000000e+02 7.101000000000000512e+01 -2.819999999999999929e+01 -2.003600000000000136e+02
-6.164000000000000057e+01 0.000000000000000000e+00 -1.842999999999999972e+01 -4.932000000000000028e+01 3.346999999999999886e+01 2.390600000000000023e+02 5.864000000000000057e+01 -7.127200000000000273e+02 8.184000000000000341e+01 -1.233400000000000034e+02
-1.421500000000000057e+02 0.000000000000000000e+00 -1.901699999999999875e+02 1.375000000000000000e+01 5.530000000000000249e+00 -3.402400000000000091e+02 -8.653000000000000114e+01 8.284999999999999432e+01 -6.132000000000000028e+01 5.806000000000000227e+01
-1.300399999999999920e+02 0.000000000000000000e+00 5.719999999999999751e+00 -1.140000000000000000e+02 2.039999999999999858e+01 -4.418999999999999773e+02 -3.017000000000000171e+01 -2.412000000000000099e+01 -5.403999999999999915e+01 1.815500000000000114e+02
1.147800000000000011e+02 0.000000000000000000e+00 1.464799999999999898e+02 -1.301599999999999966e+02 7.059999999999999432e+01 5.070000000000000000e+02 1.709300000000000068e+02 3.341100000000000136e+02 2.476000000000000156e+01 7.362999999999999545e+01
1.460999999999999943e+02 0.000000000000000000e+00 -9.729999999999999716e+01 1.206000000000000050e+01 2.942999999999999972e+01 2.750000000000000000e+02 -5.070000000000000284e+01 9.504999999999999716e+01 1.070799999999999983e+02 -9.710000000000000853e+00
1.245499999999999972e+02 0.000000000000000000e+00 -5.017999999999999972e+01 9.548000000000000398e+01 5.597999999999999687e+01 -5.984000000000000341e+01 1.488799999999999955e+02 -3.383600000000000136e+02 8.334000000000000341e+01 9.840000000000000568e+01
-1.056599999999999966e+02 0.000000000000000000e+00 -1.396000000000000085e+01 6.475000000000000000e+01 -1.864000000000000057e+01 -3.710400000000000205e+02 -4.864000000000000057e+01 1.053199999999999932e+02 -1.280900000000000034e+02 -2.345600000000000023e+02
2.850000000000000089e+00 0.000000000000000000e+00 -6.995999999999999375e+01 -1.721999999999999886e+01 3.921999999999999886e+01 2.703500000000000227e+02 -4.121499999999999773e+02 4.742999999999999972e+01 -1.194699999999999989e+02 -2.407100000000000080e+02
-1.291100000000000136e+02 0.000000000000000000e+00 -1.510999999999999943e+01 3.378999999999999915e+01 3.615999999999999659e+01 1.122099999999999937e+02 1.388000000000000078e+01 -7.948999999999999488e+01 1.526899999999999977e+02 5.649000000000000199e+01
-1.405000000000000071e+01 0.000000000000000000e+00 6.250999999999999801e+01 1.662700000000000102e+02 2.848000000000000043e+01 -1.080699999999999932e+02 3.707599999999999909e+02 2.114399999999999977e+02 1.810999999999999943e+01 1.702299999999999898e+02
1.693400000000000034e+02 0.000000000000000000e+00 -7.982999999999999829e+01 1.678400000000000034e+02 5.109000000000000341e+01 -9.634999999999999432e+01 -5.081000000000000227e+01 3.638000000000000256e+01 -1.794699999999999989e+02 2.743000000000000114e+02
1.699900000000000091e+02 0.000000000000000000e+00 -1.731500000000000057e+02 3.087000000000000099e+01 4.586999999999999744e+01 1.222199999999999989e+02 -1.504799999999999898e+02 -8.369999999999999218e+00 1.261500000000000057e+02 -6.009000000000000341e+01
-2.512800000000000011e+02 0.000000000000000000e+00 1.932899999999999920e+02 2.621999999999999886e+01 2.971000000000000085e+01 2.824200000000000159e+02 -5.704999999999999716e+01 -1.610000000000000000e+02 6.914000000000000057e+01 -3.095600000000000023e+02
-3.542999999999999972e+01 0.000000000000000000e+00 6.079999999999999716e+01 3.772300000000000182e+02 2.071000000000000085e+01 2.792799999999999727e+02 -1.537199999999999989e+02 6.751999999999999602e+01 3.187000000000000099e+01 -2.215999999999999943e+02
1.317199999999999989e+02 0.000000000000000000e+00 -9.271999999999999886e+01 3.900099999999999909e+02 5.434000000000000341e+01 -3.820000000000000000e+02 2.759499999999999886e+02 -1.559000000000000057e+02 -1.234800000000000040e+02 8.359999999999999432e+00
-1.035999999999999943e+02 0.000000000000000000e+00 -2.144000000000000128e+01 1.728999999999999915e+01 3.374000000000000199e+01 -1.275400000000000063e+02 -1.734099999999999966e+02 -1.175799999999999983e+02 -9.393000000000000682e+01 2.079699999999999989e+02
-1.104699999999999989e+02 0.000000000000000000e+00 1.147199999999999989e+02 1.407599999999999909e+02 1.844999999999999929e+01 2.593399999999999750e+02 -1.295600000000000023e+02 1.091700000000000017e+02 8.182999999999999829e+01 1.327400000000000091e+02
2.450000000000000000e+02 0.000000000000000000e+00 2.455999999999999872e+01 4.299300000000000068e+02 5.964000000000000057e+01 1.572899999999999920e+02 3.396499999999999773e+02 2.498899999999999864e+02 6.693999999999999773e+01 -2.689000000000000057e+01
1.837000000000000099e+01 0.000000000000000000e+00 1.771299999999999955e+02 3.203600000000000136e+02 6.643999999999999773e+01 5.989999999999999858e+01 8.590999999999999659e+01 -2.949399999999999977e+02 8.779000000000000625e+01 6.357999999999999829e+01
-1.858000000000000114e+02 0.000000000000000000e+00 1.929999999999999938e+00 2.330099999999999909e+02 1.566999999999999993e+01 3.066000000000000014e+01 -2.696100000000000136e+02 4.302599999999999909e+02 -8.245999999999999375e+01 -2.503999999999999915e+01
-9.443000000000000682e+01 0.000000000000000000e+00 -1.543999999999999950e+01 3.459200000000000159e+02 2.687999999999999901e+01 -1.738199999999999932e+02 -4.546999999999999886e+01 -2.002100000000000080e+02 -5.802000000000000313e+01 -3.977599999999999909e+02
9.000000000000000000e+01 0.000000000000000000e+00 1.775000000000000000e+01 2.079099999999999966e+02 4.500999999999999801e+01 -1.746999999999999886e+02 1.253199999999999932e+02 -5.276200000000000045e+02 -5.625000000000000000e+01 -1.741000000000000014e+01
-6.634000000000000341e+01 0.000000000000000000e+00 8.945000000000000284e+01 2.769200000000000159e+02 5.863000000000000256e+01 -6.017999999999999972e+01 -3.573700000000000045e+02 4.330500000000000114e+02 1.320000000000000000e+02 4.416000000000000227e+02
1.765200000000000102e+02 0.000000000000000000e+00 2.262800000000000011e+02 1.259399999999999977e+02 5.402000000000000313e+01 6.312699999999999818e+02 1.677500000000000000e+02 2.093000000000000114e+02 1.062999999999999972e+02 1.089899999999999949e+02
9.075000000000000000e+01 0.000000000000000000e+00 1.157800000000000011e+02 2.026800000000000068e+02 -2.379999999999999893e+00 -5.164000000000000057e+01 1.536999999999999886e+02 2.049099999999999966e+02 -5.588000000000000256e+01 -1.497400000000000091e+02
-1.474699999999999989e+02 0.000000000000000000e+00 -4.692000000000000171e+01 3.494300000000000068e+02 6.247999999999999687e+01 -2.348199999999999932e+02 -3.924000000000000199e+01 -7.107999999999999829e+01 -1.049899999999999949e+02 -5.786999999999999744e+01
-2.946700000000000159e+02 0.000000000000000000e+00 2.437999999999999901e+01 1.054699999999999989e+02 8.179999999999999716e+00 -2.611299999999999955e+02 -2.317299999999999898e+02 -2.859100000000000250e+02 -9.600000000000000000e+01 -1.754900000000000091e+02
-1.671999999999999886e+01 0.000000000000000000e+00 6.520999999999999375e+01 -6.984000000000000341e+01 1.617000000000000171e+01 6.587999999999999545e+01 -1.299600000000000080e+02 -3.153000000000000114e+02 1.231299999999999955e+02 6.190000000000000391e+00
3.448100000000000023e+02 0.000000000000000000e+00 3.960000000000000142e+01 8.840000000000000568e+01 4.929999999999999716e+01 -2.671999999999999886e+01 1.605800000000000125e+02 2.765299999999999727e+02 5.089000000000000057e+01 2.013899999999999864e+02
6.889000000000000057e+01 0.000000000000000000e+00 1.022699999999999960e+02 1.428000000000000114e+02 3.352000000000000313e+01 4.849700000000000273e+02 2.535999999999999943e+02 2.280000000000000000e+02 -5.280000000000000249e+00 -3.343999999999999773e+01
-2.515999999999999943e+02 0.000000000000000000e+00 1.165300000000000011e+02 -7.945999999999999375e+01 3.878000000000000114e+01 -1.481899999999999977e+02 -6.117000000000000171e+01 -8.373999999999999488e+01 -1.057099999999999937e+02 -6.648999999999999488e+01
-3.572999999999999687e+01 0.000000000000000000e+00 -1.778000000000000114e+01 -1.776899999999999977e+02 4.064999999999999858e+01 -1.838400000000000034e+02 -5.384000000000000341e+01 -2.345600000000000023e+02 -1.069000000000000057e+02 1.984399999999999977e+02
-5.538000000000000256e+01 0.000000000000000000e+00 -1.005000000000000000e+02 -5.969999999999999751e+00 3.754999999999999716e+01 -5.623899999999999864e+02 1.313000000000000078e+01 2.146999999999999886e+02 5.357999999999999829e+01 7.404999999999999716e+01
1.980000000000000071e+01 0.000000000000000000e+00 2.051299999999999955e+02 -1.912400000000000091e+02 1.136999999999999922e+01 5.084599999999999795e+02 -1.019800000000000040e+02 1.373000000000000043e+01 1.659699999999999989e+02 -3.108199999999999932e+02
1.914000000000000057e+02 0.000000000000000000e+00 8.743999999999999773e+01 -4.167999999999999972e+01 2.114000000000000057e+01 4.729399999999999977e+02 1.892100000000000080e+02 -7.351000000000000512e+01 3.985000000000000142e+01 -9.756000000000000227e+01
1.170799999999999983e+02 0.000000000000000000e+00 -1.644499999999999886e+02 -9.218000000000000682e+01 2.473000000000000043e+01 -5.697000000000000455e+02 1.659600000000000080e+02 1.130499999999999972e+02 -8.065000000000000568e+01 1.219899999999999949e+02
-1.021599999999999966e+02 0.000000000000000000e+00 1.182900000000000063e+02 -3.998700000000000045e+02 5.296000000000000085e+01 -3.782099999999999795e+02 -2.817099999999999795e+02 1.696699999999999875e+02 -1.510999999999999943e+01 3.485899999999999750e+02
-1.345999999999999943e+02 0.000000000000000000e+00 1.320600000000000023e+02 -1.726599999999999966e+02 -5.870000000000000107e+00 3.499300000000000068e+02 -1.982100000000000080e+02 3.899999999999999911e+00 -6.404999999999999716e+01 -9.085999999999999943e+01
6.350000000000000000e+01 0.000000000000000000e+00 2.680000000000000071e+01 -2.716899999999999977e+02 3.306000000000000227e+01 6.271100000000000136e+02 3.879599999999999795e+02 -3.484700000000000273e+02 1.463600000000000136e+02 -2.963899999999999864e+02
2.100300000000000011e+02 0.000000000000000000e+00 -1.521399999999999864e+02 -1.544000000000000057e+02 5.184000000000000341e+01 -2.726499999999999773e+02 -4.352000000000000313e+01 -2.810099999999999909e+02 4.831000000000000227e+01 2.008999999999999986e+01
-8.962000000000000455e+01 0.000000000000000000e+00 1.003999999999999915e+01 -2.641899999999999977e+02 1.013000000000000078e+01 -2.229600000000000080e+02 -3.074800000000000182e+02 6.485000000000000000e+02 -1.926999999999999957e+01 1.419600000000000080e+02
-2.480099999999999909e+02 0.000000000000000000e+00 4.638000000000000256e+01 -9.837000000000000455e+01 1.617000000000000171e+01 2.358199999999999932e+02 2.176200000000000045e+02 3.680899999999999750e+02 -1.368100000000000023e+02 -8.837999999999999545e+01
1.896999999999999886e+01 0.000000000000000000e+00 -1.445699999999999932e+02 -2.035800000000000125e+02 7.700000000000000178e-01 -1.595600000000000023e+02 2.572500000000000000e+02 -3.648799999999999955e+02 1.434999999999999964e+01 -2.300399999999999920e+02
8.815999999999999659e+01 0.000000000000000000e+00 -7.773999999999999488e+01 -3.604900000000000091e+02 5.514000000000000057e+01 -4.318899999999999864e+02 -1.904199999999999875e+02 -5.390299999999999727e+02 1.157199999999999989e+02 -8.384000000000000341e+01
7.300000000000000000e+01 0.000000000000000000e+00 2.748399999999999750e+02 -2.628799999999999955e+02 2.660000000000000142e+01 1.531899999999999977e+02 1.896999999999999886e+01 -2.460000000000000142e+01 -2.396000000000000085e+01 4.324100000000000250e+02
6.213000000000000256e+01 0.000000000000000000e+00 -6.759999999999999432e+01 -5.784000000000000341e+01 1.120000000000000107e+00 7.749500000000000455e+02 2.152899999999999920e+02 5.840299999999999727e+02 -1.461999999999999886e+02 -9.878000000000000114e+01
-1.232099999999999937e+02 0.000000000000000000e+00 -2.454699999999999989e+02 -1.387800000000000011e+02 4.095000000000000284e+01 -4.625400000000000205e+02 -1.423700000000000045e+02 -1.391800000000000068e+02 -2.112000000000000099e+01 -2.908399999999999750e+02
-8.934000000000000341e+01 0.000000000000000000e+00 -2.087999999999999901e+01 -3.161000000000000227e+02 3.614999999999999858e+01 -2.839800000000000182e+02 -1.365699999999999932e+02 -1.188000000000000078e+01 3.130000000000000071e+01 -1.158999999999999986e+01
2.862000000000000099e+01 0.000000000000000000e+00 6.014000000000000057e+01 -1.430300000000000011e+02 5.799999999999999822e+00 -2.306699999999999875e+02 2.863500000000000227e+02 2.283499999999999943e+02 1.668400000000000034e+02 2.961499999999999773e+02
2.165300000000000011e+02 0.000000000000000000e+00 -5.799999999999999600e-01 -2.257999999999999829e+01 1.186999999999999922e+01 7.734999999999999432e+01 1.454099999999999966e+02 -2.499000000000000057e+02 -5.979999999999999716e+01 -5.260000000000000142e+01
3.625999999999999801e+01 0.000000000000000000e+00 9.750000000000000000e+00 -3.118100000000000023e+02 1.049000000000000021e+01 2.473700000000000045e+02 -1.608899999999999864e+02 -3.492400000000000091e+02 3.788000000000000256e+01 -2.422500000000000000e+02
-1.531599999999999966e+02 0.000000000000000000e+00 -1.082000000000000028e+01 -2.373799999999999955e+02 2.335000000000000142e+01 1.438300000000000125e+02 -1.765500000000000114e+02 2.350000000000000000e+01 -2.519999999999999929e+01 1.354799999999999898e+02
-7.379999999999999893e+00 0.000000000000000000e+00 -4.031000000000000227e+01 -1.517400000000000091e+02 1.440000000000000036e+01 -6.650000000000000355e+00 8.903000000000000114e+01 3.166700000000000159e+02 -6.440000000000000391e+00 1.936399999999999864e+02
1.126099999999999994e+02 0.000000000000000000e+00 -7.523999999999999488e+01 -2.005800000000000125e+02 2.512000000000000099e+01 -2.140399999999999920e+02 2.803000000000000114e+01 -3.404999999999999716e+01 5.467999999999999972e+01 8.134999999999999432e+01
-5.064000000000000057e+01 0.000000000000000000e+00 -2.055800000000000125e+02 -2.058600000000000136e+02 6.099999999999999867e-01 -1.751000000000000156e+01 -1.579600000000000080e+02 -9.506999999999999318e+01 -8.300000000000000711e+00 -3.368799999999999955e+02
-1.146800000000000068e+02 0.000000000000000000e+00 -1.071000000000000085e+01 -3.038100000000000023e+02 2.589999999999999858e+00 8.606999999999999318e+01 1.933899999999999864e+02 -2.280000000000000071e+01 3.792999999999999972e+01 -1.242900000000000063e+02
1.292999999999999972e+01 0.000000000000000000e+00 1.232399999999999949e+02 -2.456200000000000045e+02 3.141000000000000014e+01 -3.463899999999999864e+02 3.646100000000000136e+02 6.384000000000000341e+01 -4.759000000000000341e+01 1.565500000000000114e+02
4.771000000000000085e+01 0.000000000000000000e+00 -7.992000000000000171e+01 -9.326999999999999602e+01 2.219000000000000128e+01 7.092000000000000171e+01 -2.387100000000000080e+02 2.355999999999999872e+01 -6.280000000000000249e+00 9.949999999999999289e+00
-6.829000000000000625e+01 0.000000000000000000e+00 -5.110000000000000142e+01 -2.557500000000000000e+02 1.810000000000000142e+01 3.571600000000000250e+02 -3.227799999999999727e+02 1.482199999999999989e+02 -7.160000000000000142e+00 -6.648999999999999488e+01
8.512000000000000455e+01 0.000000000000000000e+00 -2.939000000000000057e+01 -2.595299999999999727e+02 2.120000000000000107e+00 1.187600000000000051e+02 2.588500000000000227e+02 -8.831999999999999318e+01 -3.484000000000000341e+01 -4.428000000000000114e+01
2.210000000000000142e+01 0.000000000000000000e+00 7.907999999999999829e+01 -1.184099999999999966e+02 3.117999999999999972e+01 -5.345900000000000318e+02 8.912999999999999545e+01 -1.702700000000000102e+02 -2.509999999999999787e+00 7.950000000000000000e+01
-6.009000000000000341e+01 0.000000000000000000e+00 -6.082000000000000028e+01 -1.670399999999999920e+02 5.714000000000000057e+01 -1.690800000000000125e+02 2.151999999999999957e+01 -1.311299999999999955e+02 3.614000000000000057e+01 -4.021000000000000085e+01
-1.572000000000000064e+01 0.000000000000000000e+00 -9.692000000000000171e+01 -1.102199999999999989e+02 3.227000000000000313e+01 1.403700000000000045e+02 -1.948199999999999932e+02 -3.080999999999999872e+01 -7.295999999999999375e+01 -2.639999999999999858e+01
2.569000000000000128e+01 0.000000000000000000e+00 1.206400000000000006e+02 -2.072899999999999920e+02 9.100000000000000311e-01 1.313400000000000034e+02 1.504799999999999898e+02 3.850000000000000000e+02 1.086299999999999955e+02 3.764999999999999858e+01
3.017999999999999972e+01 0.000000000000000000e+00 9.687999999999999545e+01 -1.380399999999999920e+02 2.696000000000000085e+01 2.465300000000000011e+02 1.447400000000000091e+02 2.101399999999999864e+02 1.017000000000000028e+02 2.864999999999999858e+01
8.951000000000000512e+01 0.000000000000000000e+00 -1.062999999999999972e+02 1.582500000000000000e+02 1.491999999999999993e+01 -1.837199999999999989e+02 -3.317799999999999727e+02 -3.964100000000000250e+02 1.775000000000000000e+01 1.461699999999999875e+02
5.017000000000000171e+01 0.000000000000000000e+00 -2.537299999999999898e+02 -6.493000000000000682e+01 4.982000000000000028e+01 2.243600000000000136e+02 8.937000000000000455e+01 -9.302200000000000273e+02 -8.667000000000000171e+01 -1.854000000000000057e+02
-1.610300000000000011e+02 0.000000000000000000e+00 -8.364000000000000057e+01 -1.600300000000000011e+02 1.107000000000000028e+01 -4.785000000000000142e+01 3.450000000000000000e+01 7.715599999999999454e+02 -3.743999999999999773e+01 -1.459999999999999964e+00
1.050000000000000000e+01 0.000000000000000000e+00 8.031999999999999318e+01 -3.967000000000000171e+01 3.139000000000000057e+01 -4.835400000000000205e+02 7.376000000000000512e+01 6.647599999999999909e+02 1.563400000000000034e+02 5.519999999999999574e+00
1.646899999999999977e+02 0.000000000000000000e+00 6.028999999999999915e+01 -3.375000000000000000e+01 3.935000000000000142e+01 8.765999999999999659e+01 1.620000000000000000e+02 -3.892099999999999795e+02 -1.235199999999999960e+02 -4.103000000000000114e+01
-6.132000000000000028e+01 0.000000000000000000e+00 -1.923700000000000045e+02 -7.965999999999999659e+01 3.875999999999999801e+01 4.180400000000000205e+02 -5.353999999999999915e+01 -2.927699999999999818e+02 5.435999999999999943e+01 2.485699999999999932e+02
-2.003300000000000125e+02 0.000000000000000000e+00 -1.446500000000000057e+02 -5.967000000000000171e+01 1.066000000000000014e+01 2.051699999999999875e+02 1.183000000000000007e+01 2.004300000000000068e+02 1.317999999999999972e+01 -5.710999999999999943e+01
5.338000000000000256e+01 0.000000000000000000e+00 -4.629999999999999893e+00 1.564399999999999977e+02 5.185000000000000142e+01 -6.808799999999999955e+02 -2.438300000000000125e+02 2.001800000000000068e+02 -1.514000000000000057e+01 -2.928600000000000136e+02
-8.810000000000000497e+00 0.000000000000000000e+00 -1.780000000000000027e+00 1.483899999999999864e+02 1.409999999999999964e+01 -4.809999999999999609e+00 6.859000000000000341e+01 -1.155499999999999972e+02 -4.709999999999999964e+00 -2.550900000000000034e+02
4.799000000000000199e+01 0.000000000000000000e+00 -3.126999999999999957e+01 -8.870999999999999375e+01 9.560000000000000497e+00 4.466000000000000227e+02 3.799700000000000273e+02 -4.284900000000000091e+02 -1.068799999999999955e+02 4.254599999999999795e+02
1.749199999999999875e+02 0.000000000000000000e+00 6.981000000000000227e+01 1.411999999999999922e+01 2.635999999999999943e+01 3.634000000000000341e+01 -1.643400000000000034e+02 2.328400000000000034e+02 7.845000000000000284e+01 2.403300000000000125e+02
-5.403999999999999915e+01 0.000000000000000000e+00 3.564000000000000057e+01 2.085999999999999943e+02 5.978000000000000114e+01 -4.992500000000000000e+02 -3.948199999999999932e+02 5.700800000000000409e+02 8.762000000000000455e+01 -3.402799999999999727e+02
-1.671299999999999955e+02 0.000000000000000000e+00 1.568600000000000136e+02 5.246000000000000085e+01 4.246000000000000085e+01 3.350000000000000000e+01 1.588199999999999932e+02 -1.846999999999999886e+02 -8.404000000000000625e+01 -8.889000000000000057e+01
-6.129999999999999893e+00 0.000000000000000000e+00 2.255999999999999872e+01 1.895399999999999920e+02 -5.950000000000000178e+00 2.185200000000000102e+02 3.265400000000000205e+02 -5.328300000000000409e+02 -1.800000000000000044e+00 4.246000000000000227e+02
1.107999999999999972e+02 0.000000000000000000e+00 -1.185199999999999960e+02 3.443299999999999841e+02 5.535000000000000142e+01 4.767999999999999972e+01 -3.115799999999999841e+02 9.560999999999999943e+01 8.731999999999999318e+01 -2.848500000000000227e+02
6.785999999999999943e+01 0.000000000000000000e+00 6.545999999999999375e+01 3.402699999999999818e+02 3.345000000000000284e+01 3.685999999999999943e+01 -4.931399999999999864e+02 1.710999999999999943e+02 6.096000000000000085e+01 -3.063700000000000045e+02
-1.128400000000000034e+02 0.000000000000000000e+00 1.168900000000000006e+02 2.850500000000000114e+02 -1.102999999999999936e+01 -8.787000000000000455e+01 4.949200000000000159e+02 7.723000000000000398e+01 -4.450000000000000000e+01 3.203199999999999932e+02
9.285999999999999943e+01 0.000000000000000000e+00 1.302599999999999909e+02 2.717400000000000091e+02 3.382000000000000028e+01 1.328799999999999955e+02 2.786999999999999886e+02 3.870000000000000107e+00 -1.167099999999999937e+02 2.223199999999999932e+02
-5.885999999999999943e+01 0.000000000000000000e+00 -1.912000000000000099e+01 3.547400000000000091e+02 4.745000000000000284e+01 -2.456699999999999875e+02 -5.302200000000000273e+02 -5.261999999999999744e+01 1.597700000000000102e+02 -4.705099999999999909e+02
-1.211299999999999955e+02 0.000000000000000000e+00 2.170699999999999932e+02 2.938899999999999864e+02 3.250000000000000000e+00 6.404000000000000625e+01 -1.897400000000000091e+02 3.828000000000000114e+01 -1.010999999999999943e+02 1.708300000000000125e+02
-1.735000000000000142e+01 0.000000000000000000e+00 1.270000000000000018e+00 2.301800000000000068e+02 4.610000000000000320e+00 -3.681700000000000159e+02 5.145499999999999545e+02 -1.118400000000000034e+02 -1.474199999999999875e+02 1.168299999999999983e+02
6.185999999999999943e+01 0.000000000000000000e+00 -1.308300000000000125e+02 5.993300000000000409e+02 8.910000000000000142e+00 2.607500000000000000e+02 3.994599999999999795e+02 -6.075999999999999801e+01 7.090000000000000568e+01 -1.914799999999999898e+02
-3.087999999999999901e+01 0.000000000000000000e+00 1.093700000000000045e+02 4.878799999999999955e+02 2.632000000000000028e+01 3.802900000000000205e+02 -7.104700000000000273e+02 3.777000000000000313e+01 1.527400000000000091e+02 -1.463100000000000023e+02
-3.062999999999999901e+01 0.000000000000000000e+00 3.639999999999999858e+01 3.496999999999999886e+02 1.071000000000000085e+01 -3.867300000000000182e+02 -2.296999999999999886e+01 3.189499999999999886e+02 -1.032000000000000028e+02 1.138100000000000023e+02
-3.640000000000000124e+00 0.000000000000000000e+00 1.655900000000000034e+02 3.803999999999999915e+01 3.148999999999999844e+01 -1.687800000000000011e+02 2.798299999999999841e+02 -1.649699999999999989e+02 -1.145900000000000034e+02 4.270299999999999727e+02
-5.770000000000000284e+01 0.000000000000000000e+00 1.327599999999999909e+02 1.805600000000000023e+02 5.678000000000000114e+01 1.640500000000000114e+02 -2.923999999999999844e+01 -4.776200000000000045e+02 7.740000000000000213e+00 -2.049900000000000091e+02
6.061999999999999744e+01 0.000000000000000000e+00 -8.576000000000000512e+01 3.498000000000000114e+02 1.442999999999999972e+01 -3.519900000000000091e+02 -3.713000000000000256e+01 3.946800000000000068e+02 7.843000000000000682e+01 -3.024399999999999977e+02
1.667000000000000171e+01 0.000000000000000000e+00 7.093999999999999773e+01 3.393600000000000136e+02 3.060000000000000053e+00 3.672699999999999818e+02 -1.416800000000000068e+02 4.944499999999999886e+02 1.185999999999999943e+02 1.171200000000000045e+02
-1.025600000000000023e+02 0.000000000000000000e+00 5.214999999999999858e+01 1.191899999999999977e+02 -1.117999999999999972e+01 3.567999999999999972e+01 3.394100000000000250e+02 -3.066299999999999955e+02 9.300000000000000711e+00 1.564799999999999898e+02
8.643999999999999773e+01 0.000000000000000000e+00 -2.149600000000000080e+02 1.451399999999999864e+02 3.475000000000000000e+01 4.259999999999999787e+00 -5.089399999999999977e+02 -3.188500000000000227e+02 -1.029899999999999949e+02 -2.152500000000000000e+02
1.147000000000000064e+01 0.000000000000000000e+00 -2.142500000000000000e+02 3.850000000000000089e+00 3.735999999999999943e+01 -2.017899999999999920e+02 1.692000000000000171e+01 -8.415999999999999659e+01 -4.389000000000000057e+01 1.650099999999999909e+02
-5.196000000000000085e+01 0.000000000000000000e+00 1.212000000000000028e+02 -2.211299999999999955e+02 2.126000000000000156e+01 8.545000000000000284e+01 2.416599999999999966e+02 2.478499999999999943e+02 3.827000000000000313e+01 -3.656000000000000227e+01
-2.744999999999999929e+01 0.000000000000000000e+00 -9.948000000000000398e+01 -1.730000000000000000e+02 2.240000000000000213e+00 -3.465999999999999659e+01 9.900000000000000355e+00 8.812999999999999545e+01 6.726000000000000512e+01 -1.989000000000000057e+02
1.679199999999999875e+02 0.000000000000000000e+00 -8.643999999999999773e+01 1.408700000000000045e+02 2.769000000000000128e+01 4.184000000000000341e+01 -2.430000000000000160e+00 -1.724799999999999898e+02 -5.756000000000000227e+01 -3.520000000000000284e+01
-1.900300000000000011e+02 0.000000000000000000e+00 -1.297899999999999920e+02 4.604999999999999716e+01 4.347999999999999687e+01 1.999799999999999898e+02 -1.809600000000000080e+02 4.209000000000000341e+01 3.817000000000000171e+01 1.689099999999999966e+02
-1.995300000000000011e+02 0.000000000000000000e+00 -1.027699999999999960e+02 -3.176200000000000045e+02 -5.999999999999999778e-02 2.495600000000000023e+02 1.085499999999999972e+02 5.897999999999999687e+01 -3.615999999999999659e+01 1.445500000000000114e+02
1.769699999999999989e+02 0.000000000000000000e+00 -5.924000000000000199e+01 -9.318000000000000682e+01 1.461999999999999922e+01 -6.178700000000000045e+02 1.842199999999999989e+02 1.237399999999999949e+02 9.448999999999999488e+01 -3.179599999999999795e+02
2.783500000000000227e+02 0.000000000000000000e+00 -5.799000000000000199e+01 -6.526000000000000512e+01 5.878999999999999915e+01 -3.216000000000000227e+02 -1.540699999999999932e+02 -2.192100000000000080e+02 -1.392899999999999920e+02 1.840000000000000080e+00
-1.850399999999999920e+02 0.000000000000000000e+00 -1.735999999999999943e+02 -1.980200000000000102e+02 1.074000000000000021e+01 7.075900000000000318e+02 -3.250999999999999801e+01 -2.179799999999999898e+02 -3.615999999999999659e+01 4.495000000000000284e+01
-1.786399999999999864e+02 0.000000000000000000e+00 9.881000000000000227e+01 -2.143199999999999932e+02 1.560999999999999943e+01 -4.199000000000000199e+01 8.101999999999999602e+01 2.331500000000000057e+02 1.018499999999999943e+02 1.668000000000000114e+02
-5.728999999999999915e+01 0.000000000000000000e+00 4.388000000000000256e+01 -1.374199999999999875e+02 5.375999999999999801e+01 -3.346299999999999955e+02 -3.534000000000000341e+01 1.381500000000000057e+02 -2.412000000000000099e+01 -2.110000000000000000e+02
1.442299999999999898e+02 0.000000000000000000e+00 -8.781000000000000227e+01 3.418999999999999773e+01 4.227000000000000313e+01 -2.014099999999999966e+02 -8.289999999999999147e+00 -4.884000000000000341e+01 2.405999999999999872e+01 -1.094899999999999949e+02
5.489999999999999858e+01 0.000000000000000000e+00 -1.221200000000000045e+02 -7.870000000000000107e+00 2.407999999999999829e+01 4.911200000000000045e+02 -1.101899999999999977e+02 -2.105000000000000071e+01 -2.380999999999999872e+01 4.192799999999999727e+02
-4.564000000000000057e+01 0.000000000000000000e+00 1.358700000000000045e+02 -1.277999999999999972e+02 4.896000000000000085e+01 1.684199999999999875e+02 3.000600000000000023e+02 -1.130499999999999972e+02 1.357700000000000102e+02 9.631000000000000227e+01
5.310000000000000142e+01 0.000000000000000000e+00 1.105199999999999960e+02 -8.314000000000000057e+01 1.563000000000000078e+01 -2.815099999999999909e+02 -1.395099999999999909e+02 -2.685999999999999943e+01 -3.853999999999999915e+01 -4.614499999999999886e+02
6.052000000000000313e+01 0.000000000000000000e+00 9.939999999999999503e+00 -4.249000000000000199e+01 4.085999999999999943e+01 -1.957500000000000000e+02 -1.742500000000000000e+02 1.129200000000000017e+02 -8.623999999999999488e+01 -1.334099999999999966e+02
-8.448000000000000398e+01 0.000000000000000000e+00 -5.389000000000000057e+01 -3.296000000000000085e+01 3.750000000000000000e+01 2.356399999999999864e+02 2.953999999999999773e+02 -2.183799999999999955e+02 -7.048000000000000398e+01 3.428899999999999864e+02
3.146000000000000085e+01 0.000000000000000000e+00 -1.280000000000000027e+00 -2.092400000000000091e+02 1.381000000000000050e+01 8.310000000000000497e+00 -2.214499999999999886e+02 2.354600000000000080e+02 8.004999999999999716e+01 2.837999999999999901e+01
3.094999999999999929e+01 0.000000000000000000e+00 -2.062000000000000099e+01 -5.282999999999999829e+01 4.557999999999999829e+01 1.526100000000000136e+02 -1.036899999999999977e+02 3.827000000000000313e+01 -2.464000000000000057e+01 -1.148799999999999955e+02
3.012999999999999901e+01 0.000000000000000000e+00 1.035100000000000051e+02 1.205499999999999972e+02 6.526000000000000512e+01 1.700000000000000122e-01 2.163799999999999955e+02 1.048000000000000043e+01 7.803000000000000114e+01 5.925999999999999801e+01
3.553999999999999915e+01 0.000000000000000000e+00 9.121999999999999886e+01 8.923000000000000398e+01 3.446999999999999886e+01 1.213799999999999955e+02 2.180800000000000125e+02 -3.906000000000000227e+01 3.144000000000000128e+01 9.079000000000000625e+01
-7.756999999999999318e+01 0.000000000000000000e+00 9.300000000000000711e+00 -1.043400000000000034e+02 6.610000000000000320e+00 -2.258700000000000045e+02 -3.022699999999999818e+02 -1.068700000000000045e+02 -1.778999999999999915e+01 -1.643700000000000045e+02
9.073999999999999488e+01 0.000000000000000000e+00 1.558000000000000007e+01 -1.242999999999999972e+02 1.435999999999999943e+01 1.817800000000000011e+02 6.639999999999999680e+00 1.484999999999999964e+01 -4.888000000000000256e+01 -5.977000000000000313e+01
-4.613000000000000256e+01 0.000000000000000000e+00 -1.354699999999999989e+02 -2.057999999999999829e+01 4.847999999999999687e+01 -5.032999999999999829e+01 1.923000000000000043e+01 9.918000000000000682e+01 -7.140999999999999659e+01 6.592000000000000171e+01
-2.065399999999999920e+02 0.000000000000000000e+00 4.071000000000000085e+01 -2.832000000000000028e+01 4.982000000000000028e+01 8.429000000000000625e+01 2.581800000000000068e+02 -6.528000000000000114e+01 -3.214000000000000057e+01 -2.557999999999999829e+01
1.622199999999999989e+02 0.000000000000000000e+00 3.582000000000000028e+01 2.533999999999999986e+01 3.965999999999999659e+01 -8.259999999999999432e+01 -1.473100000000000023e+02 -1.150000000000000000e+01 1.613400000000000034e+02 2.469099999999999966e+02
1.142900000000000063e+02 0.000000000000000000e+00 1.438300000000000125e+02 1.147800000000000011e+02 5.192999999999999972e+01 2.086100000000000136e+02 -4.277000000000000313e+01 1.428000000000000114e+02 -1.209999999999999964e+00 2.660999999999999943e+01
-3.902000000000000313e+01 0.000000000000000000e+00 -1.235799999999999983e+02 -4.871000000000000085e+01 1.664999999999999858e+01 2.119499999999999886e+02 1.272399999999999949e+02 -6.696999999999999886e+01 -6.417000000000000171e+01 -1.058799999999999955e+02
-1.057199999999999989e+02 0.000000000000000000e+00 -7.314000000000000057e+01 8.584999999999999432e+01 3.236999999999999744e+01 -5.832000000000000455e+02 -2.494699999999999989e+02 -1.101899999999999977e+02 6.479000000000000625e+01 -2.260399999999999920e+02
-1.500999999999999979e+01 0.000000000000000000e+00 -5.296999999999999886e+01 3.151999999999999957e+01 4.025000000000000000e+01 -1.721500000000000057e+02 3.114000000000000057e+01 1.608100000000000023e+02 -7.967000000000000171e+01 2.338499999999999943e+02
5.342999999999999972e+01 0.000000000000000000e+00 1.605699999999999932e+02 2.905999999999999872e+01 4.306000000000000227e+01 5.927799999999999727e+02 2.308100000000000023e+02 -2.956700000000000159e+02 6.507999999999999829e+01 3.938000000000000256e+01
1.524699999999999989e+02 0.000000000000000000e+00 7.417000000000000171e+01 1.165699999999999932e+02 4.004999999999999716e+01 3.302300000000000182e+02 -1.424699999999999989e+02 1.468300000000000125e+02 3.385000000000000142e+01 -2.013000000000000114e+02
-5.350999999999999801e+01 0.000000000000000000e+00 -1.169999999999999929e+00 2.316299999999999955e+02 9.199999999999999289e+00 -6.260800000000000409e+02 -1.700000000000000122e-01 5.575599999999999454e+02 -4.956000000000000227e+01 1.764699999999999989e+02
-2.007000000000000028e+01 0.000000000000000000e+00 -1.065999999999999943e+02 3.096000000000000085e+01 5.703999999999999915e+01 1.190000000000000036e+01 -2.664599999999999795e+02 -1.848400000000000034e+02 4.227000000000000313e+01 1.514199999999999875e+02
-1.273900000000000006e+02 0.000000000000000000e+00 4.328999999999999915e+01 -1.803899999999999864e+02 1.671999999999999886e+01 1.502700000000000102e+02 -1.502400000000000091e+02 -4.363999999999999773e+02 -1.290000000000000036e+01 -3.931200000000000045e+02
8.626999999999999602e+01 0.000000000000000000e+00 8.276000000000000512e+01 1.636800000000000068e+02 1.810000000000000142e+01 4.708700000000000045e+02 3.882599999999999909e+02 -1.243599999999999994e+02 -1.218299999999999983e+02 6.754999999999999716e+01
1.192600000000000051e+02 0.000000000000000000e+00 5.353999999999999915e+01 2.490399999999999920e+02 2.344999999999999929e+01 -1.915099999999999909e+02 1.975999999999999943e+02 2.827900000000000205e+02 1.174200000000000017e+02 3.643899999999999864e+02
-9.107999999999999829e+01 0.000000000000000000e+00 1.047000000000000064e+01 -8.648000000000000398e+01 1.202999999999999936e+01 -5.343899999999999864e+02 -9.337000000000000455e+01 9.859000000000000341e+01 2.029999999999999805e+00 -5.918999999999999773e+01
-9.998999999999999488e+01 0.000000000000000000e+00 1.501800000000000068e+02 2.887999999999999901e+01 6.568000000000000682e+01 6.700599999999999454e+02 -4.013199999999999932e+02 1.567400000000000091e+02 -2.089999999999999858e+00 -2.013600000000000136e+02
-1.989999999999999991e+00 0.000000000000000000e+00 -3.770000000000000018e+00 5.959999999999999964e+00 3.017000000000000171e+01 -5.075000000000000000e+01 6.213000000000000256e+01 -1.054899999999999949e+02 -9.329000000000000625e+01 -1.157099999999999937e+02
1.062399999999999949e+02 0.000000000000000000e+00 -3.790999999999999659e+01 -6.695999999999999375e+01 1.103999999999999915e+01 -2.365800000000000125e+02 8.259999999999999432e+01 -5.046299999999999955e+02 4.971999999999999886e+01 2.509600000000000080e+02
-2.405999999999999872e+01 0.000000000000000000e+00 -1.257300000000000040e+02 -1.412800000000000011e+02 2.216000000000000014e+01 -3.640199999999999818e+02 1.229399999999999977e+02 -8.384000000000000341e+01 -1.599000000000000021e+01 1.141800000000000068e+02
-1.139800000000000040e+02 0.000000000000000000e+00 1.165900000000000034e+02 -6.429000000000000625e+01 1.541000000000000014e+01 6.162899999999999636e+02 -1.258499999999999943e+02 6.125499999999999545e+02 -6.889999999999999680e+00 -3.571999999999999886e+01
6.623999999999999488e+01 0.000000000000000000e+00 8.140000000000000568e+01 5.550999999999999801e+01 3.459000000000000341e+01 1.812000000000000099e+01 -2.351599999999999966e+02 1.479099999999999966e+02 5.138000000000000256e+01 -3.106200000000000045e+02
1.352700000000000102e+02 0.000000000000000000e+00 8.218999999999999773e+01 -9.693999999999999773e+01 3.238000000000000256e+01 -1.907400000000000091e+02 9.776999999999999602e+01 -1.840699999999999932e+02 7.696999999999999886e+01 9.701999999999999602e+01
-9.301000000000000512e+01 0.000000000000000000e+00 -2.064300000000000068e+02 -3.342400000000000091e+02 2.416000000000000014e+01 6.681999999999999318e+01 1.178599999999999994e+02 1.083199999999999932e+02 -1.345000000000000000e+02 -4.039000000000000057e+01
-8.659999999999999432e+01 0.000000000000000000e+00 -2.108199999999999932e+02 -1.401399999999999864e+02 3.815999999999999659e+01 1.637199999999999989e+02 -2.446100000000000136e+02 -2.579399999999999977e+02 5.210999999999999943e+01 1.646999999999999886e+01
5.832999999999999829e+01 0.000000000000000000e+00 1.554199999999999875e+02 -2.655299999999999727e+02 2.666000000000000014e+01 -2.686499999999999773e+02 -1.498600000000000136e+02 -6.835499999999999545e+02 8.546999999999999886e+01 2.896000000000000085e+01
1.340399999999999920e+02 0.000000000000000000e+00 2.047199999999999989e+02 -2.638399999999999750e+02 1.455000000000000071e+01 -6.962000000000000455e+01 3.706200000000000045e+02 4.773600000000000136e+02 -4.360999999999999943e+01 2.685799999999999841e+02
-7.662999999999999545e+01 0.000000000000000000e+00 -3.856000000000000227e+01 -6.065999999999999659e+01 4.859000000000000341e+01 4.474399999999999977e+02 9.589000000000000057e+01 8.264400000000000546e+02 3.492999999999999972e+01 -5.057999999999999829e+01
-2.126299999999999955e+02 0.000000000000000000e+00 -5.743999999999999773e+01 -2.998399999999999750e+02 1.707999999999999829e+01 1.203799999999999955e+02 -3.161399999999999864e+02 -4.398899999999999864e+02 -5.550000000000000000e+01 -3.448199999999999932e+02
1.608999999999999986e+01 0.000000000000000000e+00 4.142999999999999972e+01 -3.423899999999999864e+02 2.782999999999999829e+01 -3.795600000000000023e+02 3.178999999999999915e+01 -4.578700000000000045e+02 -2.300000000000000100e-01 -2.489900000000000091e+02
2.233000000000000114e+02 0.000000000000000000e+00 5.985999999999999943e+01 -1.613400000000000034e+02 1.289000000000000057e+01 -3.314999999999999858e+01 2.225600000000000023e+02 -2.553999999999999915e+01 -2.937000000000000099e+01 3.777599999999999909e+02
-2.770000000000000018e+00 0.000000000000000000e+00 -8.443999999999999773e+01 -1.541999999999999993e+01 2.919000000000000128e+01 1.637800000000000011e+02 2.105000000000000071e+01 3.171100000000000136e+02 7.498000000000000398e+01 1.465500000000000114e+02
-1.391899999999999977e+02 0.000000000000000000e+00 3.247999999999999687e+01 -2.057400000000000091e+02 4.674000000000000199e+01 5.239000000000000057e+01 -1.254500000000000028e+02 -1.267500000000000000e+02 4.732999999999999829e+01 -3.592000000000000171e+01
-3.443999999999999773e+01 0.000000000000000000e+00 2.539600000000000080e+02 -3.926800000000000068e+02 4.139000000000000057e+01 7.856999999999999318e+01 -1.420099999999999909e+02 -9.187999999999999545e+01 -9.323000000000000398e+01 2.883999999999999986e+01
7.862999999999999545e+01 0.000000000000000000e+00 -1.431599999999999966e+02 -1.910200000000000102e+02 3.035000000000000142e+01 -2.805600000000000023e+02 3.399999999999999911e+00 3.640299999999999727e+02 -4.690000000000000391e+00 -3.827599999999999909e+02
-1.042999999999999972e+02 0.000000000000000000e+00 -1.477999999999999936e+01 1.900699999999999932e+02 3.089000000000000057e+01 2.194000000000000128e+01 1.242199999999999989e+02 7.212999999999999545e+01 2.810000000000000053e+00 -1.300999999999999943e+02
8.781999999999999318e+01 0.000000000000000000e+00 2.252400000000000091e+02 -1.830999999999999943e+02 2.503999999999999915e+01 3.355299999999999727e+02 1.224899999999999949e+02 -1.755399999999999920e+02 2.994000000000000128e+01 2.210600000000000023e+02
1.527700000000000102e+02 0.000000000000000000e+00 6.286999999999999744e+01 -1.036200000000000045e+02 4.864999999999999858e+01 -2.365699999999999932e+02 5.320000000000000284e+01 -9.810000000000000497e+00 6.189999999999999858e+01 1.584399999999999977e+02
-6.335000000000000142e+01 0.000000000000000000e+00 -1.230499999999999972e+02 2.398899999999999864e+02 3.112999999999999901e+01 -1.530000000000000071e+01 -2.587400000000000091e+02 -1.730500000000000114e+02 -4.800000000000000000e+01 -1.728000000000000114e+01
-1.718799999999999955e+02 0.000000000000000000e+00 1.089000000000000057e+01 -7.019999999999999574e+00 6.028000000000000114e+01 3.933100000000000023e+02 -5.789000000000000057e+01 1.780000000000000027e+00 -7.979999999999999716e+01 2.962999999999999901e+01
-3.236999999999999744e+01 0.000000000000000000e+00 7.798999999999999488e+01 -2.538499999999999943e+02 2.585999999999999943e+01 -8.769999999999999574e+00 7.882999999999999829e+01 1.020499999999999972e+02 -7.967000000000000171e+01 -2.278000000000000114e+01
1.481100000000000136e+02 0.000000000000000000e+00 -7.379999999999999893e+00 8.256000000000000227e+01 6.701999999999999602e+01 -4.193500000000000227e+02 2.449000000000000057e+02 -1.667100000000000080e+02 1.200900000000000034e+02 1.308999999999999986e+01
5.917000000000000171e+01 0.000000000000000000e+00 7.640999999999999659e+01 7.643000000000000682e+01 2.701999999999999957e+01 -7.098000000000000398e+01 1.864000000000000057e+01 2.600299999999999727e+02 5.070000000000000284e+00 1.652100000000000080e+02
1.939999999999999947e+00 0.000000000000000000e+00 2.095300000000000011e+02 8.840000000000000568e+01 2.220000000000000195e+00 4.998100000000000023e+02 -2.060500000000000114e+02 1.387100000000000080e+02 4.060999999999999943e+01 -2.291699999999999875e+02
-7.329999999999999716e+01 0.000000000000000000e+00 8.723999999999999488e+01 -4.460999999999999943e+01 2.435999999999999943e+01 -9.710000000000000853e+00 1.697199999999999989e+02 -2.556399999999999864e+02 -4.338000000000000256e+01 -1.937899999999999920e+02
-1.370399999999999920e+02 0.000000000000000000e+00 -1.347400000000000091e+02 -4.929999999999999716e+00 4.200999999999999801e+01 -2.066500000000000057e+02 1.683999999999999986e+01 -1.256500000000000057e+02 -6.009999999999999787e+00 5.540000000000000036e+00
1.651599999999999966e+02 0.000000000000000000e+00 -1.457800000000000011e+02 -1.432000000000000028e+01 3.346999999999999886e+01 -1.413400000000000034e+02 -2.926000000000000156e+01 -3.264999999999999858e+01 -1.418700000000000045e+02 3.930600000000000023e+02
9.400000000000000000e+01 0.000000000000000000e+00 5.370000000000000284e+01 -2.919999999999999929e+01 4.220000000000000284e+01 1.006099999999999994e+02 8.801000000000000512e+01 3.874000000000000199e+01 1.045199999999999960e+02 -2.582000000000000028e+01
-1.553100000000000023e+02 0.000000000000000000e+00 1.221400000000000006e+02 6.096999999999999886e+01 4.270000000000000284e+01 1.593600000000000136e+02 3.321000000000000085e+01 2.908100000000000023e+02 6.404999999999999716e+01 -2.086599999999999966e+02
2.673000000000000043e+01 0.000000000000000000e+00 1.217800000000000011e+02 1.430000000000000071e+01 3.119000000000000128e+01 -1.386999999999999922e+01 -2.069199999999999875e+02 2.221999999999999886e+01 -1.088400000000000034e+02 -6.899999999999999467e-01
4.897999999999999687e+01 0.000000000000000000e+00 1.396200000000000045e+02 1.898700000000000045e+02 1.882999999999999829e+01 4.427500000000000000e+02 -6.467000000000000171e+01 -3.562099999999999795e+02 7.918000000000000682e+01 1.158199999999999932e+02
-2.144000000000000057e+02 0.000000000000000000e+00 -1.210300000000000011e+02 1.425300000000000011e+02 2.246999999999999886e+01 -4.679900000000000091e+02 9.054000000000000625e+01 -1.895399999999999920e+02 7.870000000000000284e+01 -3.622799999999999727e+02
1.421000000000000085e+01 0.000000000000000000e+00 -1.099500000000000028e+02 -6.878000000000000114e+01 2.776999999999999957e+01 -4.453399999999999750e+02 1.540000000000000000e+02 4.021899999999999977e+02 -9.485999999999999943e+01 -8.956000000000000227e+01
2.889399999999999977e+02 0.000000000000000000e+00 -2.321000000000000085e+01 -3.800000000000000000e+01 7.757999999999999829e+01 1.287700000000000102e+02 5.081000000000000227e+01 -3.796700000000000159e+02 -2.910000000000000142e+01 6.798899999999999864e+02
-3.214999999999999858e+01 0.000000000000000000e+00 2.135999999999999943e+02 2.371599999999999966e+02 3.693999999999999773e+01 8.103400000000000318e+02 8.804999999999999716e+01 -2.534000000000000057e+02 9.614000000000000057e+01 -2.186999999999999886e+02
-1.332199999999999989e+02 0.000000000000000000e+00 9.540000000000000568e+01 2.973100000000000023e+02 2.826000000000000156e+01 -7.912000000000000455e+01 -6.042999999999999972e+01 9.515800000000000409e+02 4.296999999999999886e+01 -2.835000000000000142e+01
-6.264999999999999858e+01 0.000000000000000000e+00 9.429999999999999716e+00 2.937000000000000099e+01 1.958999999999999986e+01 -3.756399999999999864e+02 -2.996499999999999773e+02 -2.524000000000000057e+02 -1.469999999999999973e+00 2.067000000000000171e+01
-2.823000000000000043e+01 0.000000000000000000e+00 -2.033300000000000125e+02 -4.225000000000000000e+01 2.121000000000000085e+01 -2.065399999999999920e+02 -7.814000000000000057e+01 -5.960399999999999636e+02 -1.186800000000000068e+02 -2.580199999999999818e+02
-2.303700000000000045e+02 0.000000000000000000e+00 -1.289000000000000057e+02 2.103100000000000023e+02 3.649000000000000199e+01 8.507999999999999829e+01 3.617200000000000273e+02 -1.502100000000000080e+02 5.339000000000000057e+01 -2.766299999999999955e+02
3.879999999999999893e+00 0.000000000000000000e+00 -1.496100000000000136e+02 3.863700000000000045e+02 6.150999999999999801e+01 -2.223999999999999844e+01 1.658600000000000136e+02 6.898099999999999454e+02 1.198000000000000043e+01 2.933100000000000023e+02
4.633899999999999864e+02 0.000000000000000000e+00 1.591299999999999955e+02 2.322199999999999989e+02 5.800000000000000000e+01 3.060600000000000023e+02 -6.454000000000000625e+01 9.510999999999999943e+01 -1.770000000000000018e+00 3.873399999999999750e+02
